2,[1,1]
0.250009149312973,13344,13344,40009
2,[1,2]
0.2500130832195282,13344,13344,66921
2,[1,4]
0.10565681755542755,23408,3280,70689
2,[1,8]
0.2500185966491699,13344,13344,84200
2,[1,16]
0.04293700307607651,25336,1352,77789
2,[1,32]
0.07039523869752884,24506,2182,77176
2,[2,1]
0.250013530254364,13344,13344,71552
2,[2,2]
0.042405933141708374,25336,1352,76350
2,[2,4]
0.250006765127182,13344,13344,75773
2,[2,8]
0.0424145832657814,25336,1352,79640
2,[2,16]
0.042499396950006485,25336,1352,86980
2,[2,32]
0.042409636080265045,25336,1352,96879
2,[4,1]
0.25002050399780273,13344,13344,74425
2,[4,2]
0.04237314313650131,25336,1352,76229
2,[4,4]
0.04227903485298157,25337,1351,77114
2,[4,8]
0.04229586571455002,25337,1351,81390
2,[4,16]
0.04222126305103302,25337,1351,87088
2,[4,32]
0.04235110431909561,25336,1352,98728
2,[8,1]
0.042434439063072205,25336,1352,80958
2,[8,2]
0.04256964102387428,25337,1351,81789
2,[8,4]
0.04222465306520462,25335,1353,83436
2,[8,8]
0.042193058878183365,25335,1353,87953
2,[8,16]
0.042296312749385834,25334,1354,95096
2,[8,32]
0.04231465980410576,25337,1351,106612
2,[16,1]
0.042395733296871185,25337,1351,86534
2,[16,2]
0.2500133514404297,13344,13344,89528
2,[16,4]
0.04223581776022911,25335,1353,91512
2,[16,8]
0.042205244302749634,25335,1353,97916
2,[16,16]
0.04227001592516899,25337,1351,106180
2,[16,32]
0.04217853397130966,25337,1351,125731
2,[32,1]
0.042369674891233444,25337,1351,100608
2,[32,2]
0.042228180915117264,25337,1351,101992
2,[32,4]
0.04229133948683739,25337,1351,106337
2,[32,8]
0.04221992567181587,25335,1353,112973
2,[32,16]
0.042286504060029984,25335,1353,128037
2,[32,32]
0.04219122603535652,25335,1353,155115
