5,[16,1,1,1,1]
0.2500136196613312,13344,13344,122741
5,[16,1,1,1,2]
0.2500174045562744,13344,13344,123472
5,[16,1,1,1,4]
0.04251556470990181,25337,1351,114628
5,[16,1,1,1,8]
0.2500156760215759,13344,13344,139666
5,[16,1,1,1,16]
0.25001177191734314,13344,13344,115596
5,[16,1,1,1,32]
0.25001800060272217,13344,13344,119976
5,[16,1,1,2,1]
0.25001585483551025,13344,13344,128126
5,[16,1,1,2,2]
0.250015527009964,13344,13344,127757
5,[16,1,1,2,4]
0.2500152289867401,13344,13344,131676
5,[16,1,1,2,8]
0.042534757405519485,25337,1351,138514
5,[16,1,1,2,16]
0.04237588867545128,25335,1353,143755
5,[16,1,1,2,32]
0.04235018789768219,25337,1351,153678
5,[16,1,1,4,1]
0.2500143051147461,13344,13344,136888
5,[16,1,1,4,2]
0.04247548431158066,25337,1351,137112
5,[16,1,1,4,4]
0.04238390177488327,25337,1351,139879
5,[16,1,1,4,8]
0.2500077486038208,13344,13344,143522
5,[16,1,1,4,16]
0.04245411604642868,25337,1351,151828
5,[16,1,1,4,32]
0.25000837445259094,13344,13344,157927
5,[16,1,1,8,1]
0.25001204013824463,13344,13344,140628
5,[16,1,1,8,2]
0.25001049041748047,13344,13344,141693
5,[16,1,1,8,4]
0.25000816583633423,13344,13344,145370
5,[16,1,1,8,8]
0.25001266598701477,13344,13344,146627
5,[16,1,1,8,16]
0.25001123547554016,13344,13344,152291
5,[16,1,1,8,32]
0.04240035638213158,25337,1351,158253
5,[16,1,1,16,1]
0.25001412630081177,13344,13344,132945
5,[16,1,1,16,2]
0.250003457069397,13344,13344,133559
5,[16,1,1,16,4]
0.25001269578933716,13344,13344,132940
5,[16,1,1,16,8]
0.2500143349170685,13344,13344,138451
5,[16,1,1,16,16]
0.042403120547533035,25335,1353,148760
5,[16,1,1,16,32]
0.04245002940297127,25337,1351,166208
5,[16,1,1,32,1]
0.25002455711364746,13344,13344,139043
5,[16,1,1,32,2]
0.2500036954879761,13344,13344,146376
5,[16,1,1,32,4]
0.2500118017196655,13344,13344,151877
5,[16,1,1,32,8]
0.250013530254364,13344,13344,158226
5,[16,1,1,32,16]
0.25001010298728943,13344,13344,164839
5,[16,1,1,32,32]
0.042453087866306305,25337,1351,196083
5,[16,1,2,1,1]
0.04251611605286598,25336,1352,131631
5,[16,1,2,1,2]
0.2500123083591461,13344,13344,135755
5,[16,1,2,1,4]
0.042351722717285156,25337,1351,137621
5,[16,1,2,1,8]
0.2500154674053192,13344,13344,137390
5,[16,1,2,1,16]
0.2500053942203522,13344,13344,138715
5,[16,1,2,1,32]
0.2500154674053192,13344,13344,145498
5,[16,1,2,2,1]
0.2500179708003998,13344,13344,133204
5,[16,1,2,2,2]
0.04222499951720238,25337,1351,135975
5,[16,1,2,2,4]
0.04252515360713005,25336,1352,136192
5,[16,1,2,2,8]
0.2500154972076416,13344,13344,138431
5,[16,1,2,2,16]
0.04233299940824509,25333,1355,145251
5,[16,1,2,2,32]
0.04241045191884041,25337,1351,153821
5,[16,1,2,4,1]
0.25001248717308044,13344,13344,138774
5,[16,1,2,4,2]
0.2500046193599701,13344,13344,139787
5,[16,1,2,4,4]
0.042388610541820526,25337,1351,143795
5,[16,1,2,4,8]
0.04233526811003685,25337,1351,142576
5,[16,1,2,4,16]
0.042479295283555984,25337,1351,136930
5,[16,1,2,4,32]
0.2500164210796356,13344,13344,142784
5,[16,1,2,8,1]
0.2500130832195282,13344,13344,137372
5,[16,1,2,8,2]
0.04243798553943634,25337,1351,143688
5,[16,1,2,8,4]
0.0424569770693779,25337,1351,148434
5,[16,1,2,8,8]
0.042476631700992584,25337,1351,150233
5,[16,1,2,8,16]
0.2500181198120117,13344,13344,150472
5,[16,1,2,8,32]
0.25001266598701477,13344,13344,161663
5,[16,1,2,16,1]
0.042498935014009476,25336,1352,147200
5,[16,1,2,16,2]
0.25001344084739685,13344,13344,147594
5,[16,1,2,16,4]
0.25001221895217896,13344,13344,149893
5,[16,1,2,16,8]
0.25001537799835205,13344,13344,152626
5,[16,1,2,16,16]
0.04240942746400833,25335,1353,164014
5,[16,1,2,16,32]
0.2500096261501312,13344,13344,173568
5,[16,1,2,32,1]
0.250014066696167,13344,13344,155266
5,[16,1,2,32,2]
0.2500017285346985,13344,13344,155178
5,[16,1,2,32,4]
0.042378019541502,25335,1353,160787
5,[16,1,2,32,8]
0.04244379326701164,25334,1354,168264
5,[16,1,2,32,16]
0.25000298023223877,13344,13344,174694
5,[16,1,2,32,32]
0.2500104010105133,13344,13344,199498
5,[16,1,4,1,1]
0.25000831484794617,13344,13344,139768
5,[16,1,4,1,2]
0.2500133216381073,13344,13344,140366
5,[16,1,4,1,4]
0.25000080466270447,13344,13344,142190
5,[16,1,4,1,8]
0.04253150895237923,25336,1352,143133
5,[16,1,4,1,16]
0.2500133812427521,13344,13344,145717
5,[16,1,4,1,32]
0.2500109374523163,13344,13344,152726
5,[16,1,4,2,1]
0.25001412630081177,13344,13344,140502
5,[16,1,4,2,2]
0.2500024437904358,13344,13344,141469
5,[16,1,4,2,4]
0.25001367926597595,13344,13344,141349
5,[16,1,4,2,8]
0.2500094771385193,13344,13344,143217
5,[16,1,4,2,16]
0.25000908970832825,13344,13344,147390
5,[16,1,4,2,32]
0.2500067949295044,13344,13344,155688
5,[16,1,4,4,1]
0.042502209544181824,25337,1351,145227
5,[16,1,4,4,2]
0.25001755356788635,13344,13344,145387
5,[16,1,4,4,4]
0.042388465255498886,25337,1351,144162
5,[16,1,4,4,8]
0.04237409308552742,25337,1351,149751
5,[16,1,4,4,16]
0.04239904135465622,25337,1351,152787
5,[16,1,4,4,32]
0.042352065443992615,25334,1354,162152
5,[16,1,4,8,1]
0.2500150501728058,13344,13344,146764
5,[16,1,4,8,2]
0.04252158850431442,25333,1355,150149
5,[16,1,4,8,4]
0.04242972657084465,25337,1351,152546
5,[16,1,4,8,8]
0.250024676322937,13344,13344,149608
5,[16,1,4,8,16]
0.04248005896806717,25337,1351,166621
5,[16,1,4,8,32]
0.04234557971358299,25335,1353,177107
5,[16,1,4,16,1]
0.2500154972076416,13344,13344,159114
5,[16,1,4,16,2]
0.2500244081020355,13344,13344,158040
5,[16,1,4,16,4]
0.042294297367334366,25337,1351,162281
5,[16,1,4,16,8]
0.04249225929379463,25337,1351,166558
5,[16,1,4,16,16]
0.04242799058556557,25337,1351,174274
5,[16,1,4,16,32]
0.04250757768750191,25337,1351,191417
5,[16,1,4,32,1]
0.25001445412635803,13344,13344,176760
5,[16,1,4,32,2]
0.04234807565808296,25337,1351,174858
5,[16,1,4,32,4]
0.0423990897834301,25337,1351,174915
5,[16,1,4,32,8]
0.04243047535419464,25335,1353,175753
5,[16,1,4,32,16]
0.04234769567847252,25335,1353,187515
5,[16,1,4,32,32]
0.04236897826194763,25335,1353,211914
5,[16,1,8,1,1]
0.2500086724758148,13344,13344,144846
5,[16,1,8,1,2]
0.04251836612820625,25337,1351,144317
5,[16,1,8,1,4]
0.250013142824173,13344,13344,145748
5,[16,1,8,1,8]
0.2500154972076416,13344,13344,146413
5,[16,1,8,1,16]
0.25001463294029236,13344,13344,148430
5,[16,1,8,1,32]
0.25001776218414307,13344,13344,155365
5,[16,1,8,2,1]
0.25000661611557007,13344,13344,143383
5,[16,1,8,2,2]
0.2500157356262207,13344,13344,143806
5,[16,1,8,2,4]
0.2500147819519043,13344,13344,147039
5,[16,1,8,2,8]
0.2500086724758148,13344,13344,146685
5,[16,1,8,2,16]
0.042346641421318054,25337,1351,152928
5,[16,1,8,2,32]
0.04250927269458771,25334,1354,159611
5,[16,1,8,4,1]
0.25001317262649536,13344,13344,142991
5,[16,1,8,4,2]
0.2500135600566864,13344,13344,143810
5,[16,1,8,4,4]
0.042325690388679504,25337,1351,157286
5,[16,1,8,4,8]
0.042507145553827286,25337,1351,159127
5,[16,1,8,4,16]
0.04242609441280365,25337,1351,162930
5,[16,1,8,4,32]
0.04233234375715256,25335,1353,173196
5,[16,1,8,8,1]
0.25001418590545654,13344,13344,155522
5,[16,1,8,8,2]
0.25001752376556396,13344,13344,157012
5,[16,1,8,8,4]
0.04237085580825806,25335,1353,159250
5,[16,1,8,8,8]
0.2500193417072296,13344,13344,160527
5,[16,1,8,8,16]
0.042439814656972885,25337,1351,167024
5,[16,1,8,8,32]
0.04228920862078667,25337,1351,178147
5,[16,1,8,16,1]
0.25001344084739685,13344,13344,158405
5,[16,1,8,16,2]
0.04244791716337204,25337,1351,162953
5,[16,1,8,16,4]
0.04236133024096489,25337,1351,165032
5,[16,1,8,16,8]
0.04244748875498772,25337,1351,170156
5,[16,1,8,16,16]
0.04236422851681709,25335,1353,176687
5,[16,1,8,16,32]
0.04238659515976906,25335,1353,193452
5,[16,1,8,32,1]
0.2500176429748535,13344,13344,170563
5,[16,1,8,32,2]
0.2500099539756775,13344,13344,172827
5,[16,1,8,32,4]
0.25001364946365356,13344,13344,172402
5,[16,1,8,32,8]
0.04242047667503357,25334,1354,183473
5,[16,1,8,32,16]
0.04232942685484886,25335,1353,197453
5,[16,1,8,32,32]
0.04226746782660484,25332,1356,222225
5,[16,1,16,1,1]
0.2500161826610565,13344,13344,152638
5,[16,1,16,1,2]
0.25001806020736694,13344,13344,153042
5,[16,1,16,1,4]
0.2500154376029968,13344,13344,152179
5,[16,1,16,1,8]
0.2500074803829193,13344,13344,154097
5,[16,1,16,1,16]
0.2500118315219879,13344,13344,159647
5,[16,1,16,1,32]
0.25001561641693115,13344,13344,164773
5,[16,1,16,2,1]
0.042422086000442505,25337,1351,154547
5,[16,1,16,2,2]
0.2500151991844177,13344,13344,153990
5,[16,1,16,2,4]
0.25001367926597595,13344,13344,154689
5,[16,1,16,2,8]
0.25000083446502686,13344,13344,158034
5,[16,1,16,2,16]
0.2500167489051819,13344,13344,160045
5,[16,1,16,2,32]
0.25001096725463867,13344,13344,167466
5,[16,1,16,4,1]
0.25001126527786255,13344,13344,156419
5,[16,1,16,4,2]
0.04244110360741615,25336,1352,158566
5,[16,1,16,4,4]
0.2500174343585968,13344,13344,157360
5,[16,1,16,4,8]
0.25000303983688354,13344,13344,159128
5,[16,1,16,4,16]
0.04244203492999077,25337,1351,167002
5,[16,1,16,4,32]
0.04224955663084984,25335,1353,175537
5,[16,1,16,8,1]
0.25001630187034607,13344,13344,162050
5,[16,1,16,8,2]
0.25001126527786255,13344,13344,144151
5,[16,1,16,8,4]
0.04246491193771362,25333,1355,150837
5,[16,1,16,8,8]
0.04242314025759697,25335,1353,153654
5,[16,1,16,8,16]
0.04242148622870445,25337,1351,158325
5,[16,1,16,8,32]
0.042309001088142395,25337,1351,168879
5,[16,1,16,16,1]
0.0424288809299469,25337,1351,154921
5,[16,1,16,16,2]
0.2500174939632416,13344,13344,155538
5,[16,1,16,16,4]
0.042319491505622864,25335,1353,158830
5,[16,1,16,16,8]
0.2500084638595581,13344,13344,156489
5,[16,1,16,16,16]
0.25001856684684753,13344,13344,165911
5,[16,1,16,16,32]
0.04224689304828644,25334,1354,185754
5,[16,1,16,32,1]
0.2500181198120117,13344,13344,165826
5,[16,1,16,32,2]
0.042656730860471725,25337,1351,170881
5,[16,1,16,32,4]
0.042333412915468216,25335,1353,174535
5,[16,1,16,32,8]
0.2500120997428894,13344,13344,173128
5,[16,1,16,32,16]
0.2500132620334625,13344,13344,183461
5,[16,1,16,32,32]
0.04233227297663689,25337,1351,214981
5,[16,1,32,1,1]
0.25001421570777893,13344,13344,146295
5,[16,1,32,1,2]
0.04234327748417854,25337,1351,148598
5,[16,1,32,1,4]
0.25001710653305054,13344,13344,148863
5,[16,1,32,1,8]
0.2500165104866028,13344,13344,151501
5,[16,1,32,1,16]
0.25001272559165955,13344,13344,152484
5,[16,1,32,1,32]
0.25001755356788635,13344,13344,158186
5,[16,1,32,2,1]
0.25000885128974915,13344,13344,149289
5,[16,1,32,2,2]
0.0424029566347599,25334,1354,153547
5,[16,1,32,2,4]
0.042578600347042084,25336,1352,170165
5,[16,1,32,2,8]
0.250013142824173,13344,13344,171896
5,[16,1,32,2,16]
0.25001049041748047,13344,13344,175799
5,[16,1,32,2,32]
0.25001612305641174,13344,13344,181141
5,[16,1,32,4,1]
0.042413920164108276,25337,1351,173838
5,[16,1,32,4,2]
0.250018835067749,13344,13344,172876
5,[16,1,32,4,4]
0.042542964220047,25337,1351,176645
5,[16,1,32,4,8]
0.2500160336494446,13344,13344,174279
5,[16,1,32,4,16]
0.2500208020210266,13344,13344,177467
5,[16,1,32,4,32]
0.250015527009964,13344,13344,186838
5,[16,1,32,8,1]
0.2500133812427521,13344,13344,175285
5,[16,1,32,8,2]
0.2500145435333252,13344,13344,177446
5,[16,1,32,8,4]
0.25001195073127747,13344,13344,180099
5,[16,1,32,8,8]
0.04241400584578514,25337,1351,184661
5,[16,1,32,8,16]
0.04233138635754585,25335,1353,189422
5,[16,1,32,8,32]
0.0423630066215992,25337,1351,200262
5,[16,1,32,16,1]
0.25001946091651917,13344,13344,186289
5,[16,1,32,16,2]
0.2500123083591461,13344,13344,191123
5,[16,1,32,16,4]
0.04237581044435501,25335,1353,193672
5,[16,1,32,16,8]
0.25001364946365356,13344,13344,191145
5,[16,1,32,16,16]
0.04224975034594536,25335,1353,212126
5,[16,1,32,16,32]
0.042353305965662,25337,1351,228588
5,[16,1,32,32,1]
0.25001052021980286,13344,13344,216359
5,[16,1,32,32,2]
0.25001010298728943,13344,13344,211406
5,[16,1,32,32,4]
0.04249167442321777,25337,1351,223930
5,[16,1,32,32,8]
0.042310141026973724,25335,1353,226507
5,[16,1,32,32,16]
0.25000983476638794,13344,13344,222233
5,[16,1,32,32,32]
0.042314447462558746,25335,1353,248624
5,[16,2,1,1,1]
0.25000494718551636,13344,13344,145131
5,[16,2,1,1,2]
0.2500106692314148,13344,13344,146303
5,[16,2,1,1,4]
0.25001075863838196,13344,13344,145997
5,[16,2,1,1,8]
0.25001785159111023,13344,13344,147609
5,[16,2,1,1,16]
0.042272791266441345,25337,1351,152086
5,[16,2,1,1,32]
0.04241492599248886,25337,1351,161441
5,[16,2,1,2,1]
0.2500115931034088,13344,13344,145464
5,[16,2,1,2,2]
0.25001421570777893,13344,13344,146564
5,[16,2,1,2,4]
0.2500123083591461,13344,13344,147767
5,[16,2,1,2,8]
0.04246596619486809,25336,1352,151144
5,[16,2,1,2,16]
0.25001055002212524,13344,13344,152906
5,[16,2,1,2,32]
0.2500165104866028,13344,13344,159275
5,[16,2,1,4,1]
0.2500186860561371,13344,13344,147072
5,[16,2,1,4,2]
0.25001320242881775,13344,13344,148464
5,[16,2,1,4,4]
0.25001001358032227,13344,13344,149845
5,[16,2,1,4,8]
0.25001734495162964,13344,13344,152591
5,[16,2,1,4,16]
0.2500201463699341,13344,13344,155157
5,[16,2,1,4,32]
0.25001126527786255,13344,13344,162995
5,[16,2,1,8,1]
0.04277641326189041,25337,1351,150819
5,[16,2,1,8,2]
0.042394932359457016,25337,1351,152608
5,[16,2,1,8,4]
0.2500098645687103,13344,13344,151187
5,[16,2,1,8,8]
0.25000739097595215,13344,13344,153994
5,[16,2,1,8,16]
0.25001224875450134,13344,13344,158392
5,[16,2,1,8,32]
0.25000810623168945,13344,13344,168092
5,[16,2,1,16,1]
0.2500109374523163,13344,13344,154296
5,[16,2,1,16,2]
0.25001806020736694,13344,13344,154160
5,[16,2,1,16,4]
0.04252682626247406,25336,1352,157406
5,[16,2,1,16,8]
0.25001809000968933,13344,13344,159354
5,[16,2,1,16,16]
0.04248615726828575,25334,1354,169264
5,[16,2,1,16,32]
0.04233266040682793,25337,1351,184009
5,[16,2,1,32,1]
0.25001510977745056,13344,13344,160613
5,[16,2,1,32,2]
0.04239637032151222,25337,1351,165686
5,[16,2,1,32,4]
0.042559072375297546,25337,1351,168755
5,[16,2,1,32,8]
0.042387254536151886,25335,1353,174260
5,[16,2,1,32,16]
0.042392149567604065,25335,1353,186812
5,[16,2,1,32,32]
0.042403221130371094,25335,1353,209394
5,[16,2,2,1,1]
0.2500128746032715,13344,13344,151126
5,[16,2,2,1,2]
0.25001224875450134,13344,13344,149884
5,[16,2,2,1,4]
0.25001832842826843,13344,13344,150715
5,[16,2,2,1,8]
0.25000888109207153,13344,13344,151713
5,[16,2,2,1,16]
0.042391326278448105,25337,1351,155946
5,[16,2,2,1,32]
0.25001299381256104,13344,13344,159203
5,[16,2,2,2,1]
0.04231768846511841,25335,1353,148572
5,[16,2,2,2,2]
0.2500114142894745,13344,13344,150515
5,[16,2,2,2,4]
0.25000491738319397,13344,13344,149594
5,[16,2,2,2,8]
0.04244587570428848,25337,1351,152610
5,[16,2,2,2,16]
0.04227818548679352,25332,1356,156004
5,[16,2,2,2,32]
0.25001731514930725,13344,13344,160343
5,[16,2,2,4,1]
0.25000572204589844,13344,13344,148851
5,[16,2,2,4,2]
0.04244318976998329,25337,1351,150940
5,[16,2,2,4,4]
0.04250425100326538,25336,1352,164891
5,[16,2,2,4,8]
0.04252300038933754,25337,1351,166717
5,[16,2,2,4,16]
0.2500157058238983,13344,13344,167542
5,[16,2,2,4,32]
0.04241184890270233,25335,1353,178471
5,[16,2,2,8,1]
0.25001758337020874,13344,13344,160829
5,[16,2,2,8,2]
0.2500196099281311,13344,13344,162093
5,[16,2,2,8,4]
0.042391810566186905,25337,1351,165819
5,[16,2,2,8,8]
0.0422329381108284,25335,1353,168272
5,[16,2,2,8,16]
0.042500436305999756,25334,1354,173580
5,[16,2,2,8,32]
0.0423542782664299,25337,1351,184682
5,[16,2,2,16,1]
0.04238579049706459,25335,1353,166800
5,[16,2,2,16,2]
0.04240984097123146,25335,1353,168456
5,[16,2,2,16,4]
0.25001588463783264,13344,13344,169736
5,[16,2,2,16,8]
0.04243513196706772,25335,1353,173959
5,[16,2,2,16,16]
0.0424298420548439,25335,1353,180228
5,[16,2,2,16,32]
0.04242796078324318,25337,1351,194427
5,[16,2,2,32,1]
0.04240874573588371,25337,1351,174296
5,[16,2,2,32,2]
0.042471788823604584,25337,1351,175075
5,[16,2,2,32,4]
0.0424574576318264,25337,1351,179222
5,[16,2,2,32,8]
0.042345572263002396,25334,1354,184423
5,[16,2,2,32,16]
0.04233993962407112,25337,1351,195726
5,[16,2,2,32,32]
0.0423702597618103,25337,1351,217186
5,[16,2,4,1,1]
0.2500091791152954,13344,13344,160995
5,[16,2,4,1,2]
0.2500153183937073,13344,13344,159767
5,[16,2,4,1,4]
0.2500154674053192,13344,13344,160503
5,[16,2,4,1,8]
0.04244055598974228,25337,1351,163770
5,[16,2,4,1,16]
0.0424383282661438,25335,1353,167405
5,[16,2,4,1,32]
0.2500171363353729,13344,13344,171240
5,[16,2,4,2,1]
0.25001031160354614,13344,13344,159300
5,[16,2,4,2,2]
0.04241661727428436,25337,1351,162077
5,[16,2,4,2,4]
0.04247858375310898,25335,1353,162032
5,[16,2,4,2,8]
0.25001171231269836,13344,13344,162487
5,[16,2,4,2,16]
0.0424860380589962,25334,1354,168385
5,[16,2,4,2,32]
0.04251363128423691,25333,1355,177410
5,[16,2,4,4,1]
0.25000810623168945,13344,13344,162239
5,[16,2,4,4,2]
0.25001776218414307,13344,13344,163305
5,[16,2,4,4,4]
0.04230053722858429,25337,1351,165471
5,[16,2,4,4,8]
0.2500058710575104,13344,13344,165317
5,[16,2,4,4,16]
0.042419686913490295,25334,1354,172270
5,[16,2,4,4,32]
0.042374059557914734,25333,1355,180558
5,[16,2,4,8,1]
0.25001636147499084,13344,13344,164394
5,[16,2,4,8,2]
0.04242574796080589,25337,1351,166395
5,[16,2,4,8,4]
0.04253878816962242,25334,1354,169232
5,[16,2,4,8,8]
0.04255589097738266,25337,1351,171519
5,[16,2,4,8,16]
0.04246864467859268,25337,1351,175646
5,[16,2,4,8,32]
0.04245563596487045,25335,1353,187400
5,[16,2,4,16,1]
0.25001588463783264,13344,13344,167794
5,[16,2,4,16,2]
0.04230223223567009,25335,1353,171986
5,[16,2,4,16,4]
0.2500118017196655,13344,13344,173207
5,[16,2,4,16,8]
0.04246951639652252,25337,1351,176729
5,[16,2,4,16,16]
0.04238919913768768,25335,1353,184219
5,[16,2,4,16,32]
0.04241999238729477,25337,1351,198254
5,[16,2,4,32,1]
0.04239218682050705,25337,1351,179259
5,[16,2,4,32,2]
0.04221559688448906,25335,1353,181035
5,[16,2,4,32,4]
0.042364269495010376,25335,1353,182114
5,[16,2,4,32,8]
0.25001388788223267,13344,13344,183822
5,[16,2,4,32,16]
0.04243568331003189,25337,1351,200499
5,[16,2,4,32,32]
0.04225680232048035,25337,1351,220208
5,[16,2,8,1,1]
0.2500092685222626,13344,13344,161838
5,[16,2,8,1,2]
0.25001785159111023,13344,13344,162336
5,[16,2,8,1,4]
0.042351577430963516,25337,1351,165262
5,[16,2,8,1,8]
0.25001955032348633,13344,13344,163616
5,[16,2,8,1,16]
0.2500144839286804,13344,13344,166046
5,[16,2,8,1,32]
0.24999293684959412,13344,13344,173660
5,[16,2,8,2,1]
0.2500089704990387,13344,13344,163098
5,[16,2,8,2,2]
0.04249167442321777,25337,1351,164777
5,[16,2,8,2,4]
0.042392246425151825,25337,1351,165635
5,[16,2,8,2,8]
0.042219363152980804,25337,1351,166770
5,[16,2,8,2,16]
0.25001734495162964,13344,13344,169666
5,[16,2,8,2,32]
0.25001654028892517,13344,13344,178015
5,[16,2,8,4,1]
0.04238218441605568,25337,1351,166306
5,[16,2,8,4,2]
0.04229585826396942,25337,1351,167588
5,[16,2,8,4,4]
0.042242325842380524,25335,1353,168376
5,[16,2,8,4,8]
0.04221339896321297,25335,1353,170235
5,[16,2,8,4,16]
0.04242652282118797,25337,1351,174908
5,[16,2,8,4,32]
0.04220861196517944,25337,1351,183071
5,[16,2,8,8,1]
0.042341187596321106,25335,1353,169080
5,[16,2,8,8,2]
0.04239404946565628,25335,1353,169353
5,[16,2,8,8,4]
0.04230640083551407,25337,1351,171440
5,[16,2,8,8,8]
0.04229304566979408,25337,1351,173218
5,[16,2,8,8,16]
0.04226049408316612,25337,1351,178933
5,[16,2,8,8,32]
0.04237721115350723,25335,1353,189936
5,[16,2,8,16,1]
0.2500084638595581,13344,13344,170151
5,[16,2,8,16,2]
0.04230775684118271,25337,1351,175646
5,[16,2,8,16,4]
0.042387597262859344,25335,1353,177901
5,[16,2,8,16,8]
0.04229726642370224,25337,1351,181037
5,[16,2,8,16,16]
0.042188193649053574,25337,1351,188461
5,[16,2,8,16,32]
0.042357951402664185,25337,1351,203687
5,[16,2,8,32,1]
0.2500151991844177,13344,13344,179724
5,[16,2,8,32,2]
0.04227183386683464,25335,1353,188933
5,[16,2,8,32,4]
0.042282965034246445,25337,1351,189720
5,[16,2,8,32,8]
0.04235997423529625,25337,1351,194595
5,[16,2,8,32,16]
0.04217858612537384,25335,1353,205967
5,[16,2,8,32,32]
0.042275819927453995,25337,1351,229140
5,[16,2,16,1,1]
0.2500113248825073,13344,13344,165596
5,[16,2,16,1,2]
0.25001052021980286,13344,13344,166621
5,[16,2,16,1,4]
0.25001540780067444,13344,13344,167017
5,[16,2,16,1,8]
0.04343339055776596,25337,1351,170543
5,[16,2,16,1,16]
0.042318038642406464,25337,1351,173376
5,[16,2,16,1,32]
0.04234561696648598,25335,1353,182046
5,[16,2,16,2,1]
0.042490825057029724,25336,1352,168954
5,[16,2,16,2,2]
0.04232165962457657,25337,1351,170034
5,[16,2,16,2,4]
0.25001028180122375,13344,13344,168892
5,[16,2,16,2,8]
0.04237379506230354,25337,1351,173054
5,[16,2,16,2,16]
0.04227272421121597,25337,1351,175714
5,[16,2,16,2,32]
0.04238621145486832,25013,1675,184688
5,[16,2,16,4,1]
0.250015527009964,13344,13344,170585
5,[16,2,16,4,2]
0.04235142096877098,25335,1353,179021
5,[16,2,16,4,4]
0.0423528254032135,25335,1353,180198
5,[16,2,16,4,8]
0.04232409968972206,25337,1351,182367
5,[16,2,16,4,16]
0.04241284728050232,25337,1351,186275
5,[16,2,16,4,32]
0.042307544499635696,25335,1353,195441
5,[16,2,16,8,1]
0.04244745150208473,25337,1351,180989
5,[16,2,16,8,2]
0.25001224875450134,13344,13344,181476
5,[16,2,16,8,4]
0.2500148415565491,13344,13344,183649
5,[16,2,16,8,8]
0.04221333935856819,25337,1351,185773
5,[16,2,16,8,16]
0.042343780398368835,25337,1351,191748
5,[16,2,16,8,32]
0.04229736328125,25337,1351,203402
5,[16,2,16,16,1]
0.042364735156297684,25337,1351,188449
5,[16,2,16,16,2]
0.04241706430912018,25337,1351,190054
5,[16,2,16,16,4]
0.0423317551612854,25337,1351,193796
5,[16,2,16,16,8]
0.04232054948806763,25337,1351,196179
5,[16,2,16,16,16]
0.04229707270860672,25335,1353,203005
5,[16,2,16,16,32]
0.042325709015131,25337,1351,218257
5,[16,2,16,32,1]
0.25001928210258484,13344,13344,200545
5,[16,2,16,32,2]
0.042501047253608704,25335,1353,205391
5,[16,2,16,32,4]
0.042494941502809525,25336,1352,208362
5,[16,2,16,32,8]
0.042284052819013596,25337,1351,214169
5,[16,2,16,32,16]
0.04249938204884529,25337,1351,223796
5,[16,2,16,32,32]
0.04226363077759743,25337,1351,246512
5,[16,2,32,1,1]
0.2500080466270447,13344,13344,180631
5,[16,2,32,1,2]
0.25000250339508057,13344,13344,180481
5,[16,2,32,1,4]
0.2500138580799103,13344,13344,183632
5,[16,2,32,1,8]
0.25001055002212524,13344,13344,185788
5,[16,2,32,1,16]
0.250016450881958,13344,13344,184641
5,[16,2,32,1,32]
0.25000813603401184,13344,13344,191525
5,[16,2,32,2,1]
0.2500097453594208,13344,13344,182077
5,[16,2,32,2,2]
0.042335592210292816,25337,1351,184845
5,[16,2,32,2,4]
0.25000616908073425,13344,13344,183674
5,[16,2,32,2,8]
0.042377982288599014,25337,1351,187980
5,[16,2,32,2,16]
0.04246222600340843,25335,1353,192583
5,[16,2,32,2,32]
0.04225940629839897,25335,1353,200045
5,[16,2,32,4,1]
0.25001260638237,13344,13344,186752
5,[16,2,32,4,2]
0.04237606003880501,25335,1353,189640
5,[16,2,32,4,4]
0.04239008575677872,25337,1351,190132
5,[16,2,32,4,8]
0.2500191628932953,13344,13344,190152
5,[16,2,32,4,16]
0.042327091097831726,25337,1351,196896
5,[16,2,32,4,32]
0.042288776487112045,25334,1354,205357
5,[16,2,32,8,1]
0.25000956654548645,13344,13344,189025
5,[16,2,32,8,2]
0.04226341098546982,25335,1353,194871
5,[16,2,32,8,4]
0.042317092418670654,25337,1351,196442
5,[16,2,32,8,8]
0.042290691286325455,25337,1351,199918
5,[16,2,32,8,16]
0.04226405918598175,25337,1351,204689
5,[16,2,32,8,32]
0.04227617383003235,25335,1353,216892
5,[16,2,32,16,1]
0.2500132918357849,13344,13344,201029
5,[16,2,32,16,2]
0.2500063180923462,13344,13344,204972
5,[16,2,32,16,4]
0.04225767403841019,25337,1351,211361
5,[16,2,32,16,8]
0.04224936664104462,25335,1353,214067
5,[16,2,32,16,16]
0.04232143983244896,25335,1353,223414
5,[16,2,32,16,32]
0.04226669669151306,25337,1351,237781
5,[16,2,32,32,1]
0.04235093668103218,25335,1353,230774
5,[16,2,32,32,2]
0.25000858306884766,13344,13344,223991
5,[16,2,32,32,4]
0.042425841093063354,25337,1351,222926
5,[16,2,32,32,8]
0.04245470464229584,25337,1351,223240
5,[16,2,32,32,16]
0.04217088595032692,25335,1353,231754
5,[16,2,32,32,32]
0.04220215603709221,25334,1354,253936
5,[16,4,1,1,1]
0.2500104606151581,13344,13344,148448
5,[16,4,1,1,2]
0.25001755356788635,13344,13344,149102
5,[16,4,1,1,4]
0.25001591444015503,13344,13344,149100
5,[16,4,1,1,8]
0.250008761882782,13344,13344,151832
5,[16,4,1,1,16]
0.042430926114320755,25337,1351,155075
5,[16,4,1,1,32]
0.25001952052116394,13344,13344,160893
5,[16,4,1,2,1]
0.2500114142894745,13344,13344,150018
5,[16,4,1,2,2]
0.04251738637685776,25337,1351,150324
5,[16,4,1,2,4]
0.2500115633010864,13344,13344,149986
5,[16,4,1,2,8]
0.2500119209289551,13344,13344,153066
5,[16,4,1,2,16]
0.04227074235677719,25335,1353,157517
5,[16,4,1,2,32]
0.2500075697898865,13344,13344,161957
5,[16,4,1,4,1]
0.2500201463699341,13344,13344,149553
5,[16,4,1,4,2]
0.250014066696167,13344,13344,150253
5,[16,4,1,4,4]
0.2500113844871521,13344,13344,150841
5,[16,4,1,4,8]
0.2500191330909729,13344,13344,153876
5,[16,4,1,4,16]
0.2500113248825073,13344,13344,156478
5,[16,4,1,4,32]
0.25000619888305664,13344,13344,164547
5,[16,4,1,8,1]
0.04234514385461807,25337,1351,152282
5,[16,4,1,8,2]
0.25000426173210144,13344,13344,152676
5,[16,4,1,8,4]
0.042474888265132904,25337,1351,156649
5,[16,4,1,8,8]
0.25001683831214905,13344,13344,157729
5,[16,4,1,8,16]
0.042383480817079544,25335,1353,164869
5,[16,4,1,8,32]
0.04241248965263367,25337,1351,175513
5,[16,4,1,16,1]
0.25001323223114014,13344,13344,155267
5,[16,4,1,16,2]
0.25001588463783264,13344,13344,157542
5,[16,4,1,16,4]
0.2500133216381073,13344,13344,160730
5,[16,4,1,16,8]
0.04253290593624115,25334,1354,163723
5,[16,4,1,16,16]
0.042415864765644073,25337,1351,171904
5,[16,4,1,16,32]
0.2500191628932953,13344,13344,181645
5,[16,4,1,32,1]
0.25001922249794006,13344,13344,163856
5,[16,4,1,32,2]
0.04247552156448364,25337,1351,168137
5,[16,4,1,32,4]
0.2500118613243103,13344,13344,168152
5,[16,4,1,32,8]
0.042455706745386124,25335,1353,177288
5,[16,4,1,32,16]
0.042474739253520966,25337,1351,188355
5,[16,4,1,32,32]
0.2500157058238983,13344,13344,204592
5,[16,4,2,1,1]
0.2500172555446625,13344,13344,155720
5,[16,4,2,1,2]
0.04236594960093498,25335,1353,157186
5,[16,4,2,1,4]
0.25001707673072815,13344,13344,156315
5,[16,4,2,1,8]
0.042470648884773254,25337,1351,160056
5,[16,4,2,1,16]
0.25001055002212524,13344,13344,161228
5,[16,4,2,1,32]
0.04254826903343201,25337,1351,171343
5,[16,4,2,2,1]
0.25000879168510437,13344,13344,154781
5,[16,4,2,2,2]
0.04240323603153229,25337,1351,157004
5,[16,4,2,2,4]
0.2500069737434387,13344,13344,157769
5,[16,4,2,2,8]
0.25001421570777893,13344,13344,158985
5,[16,4,2,2,16]
0.25001415610313416,13344,13344,164395
5,[16,4,2,2,32]
0.042276207357645035,25337,1351,173215
5,[16,4,2,4,1]
0.04238341748714447,25337,1351,157302
5,[16,4,2,4,2]
0.04239390790462494,25337,1351,158382
5,[16,4,2,4,4]
0.2500157058238983,13344,13344,158408
5,[16,4,2,4,8]
0.04238516092300415,25337,1351,162312
5,[16,4,2,4,16]
0.04241910204291344,25337,1351,166942
5,[16,4,2,4,32]
0.042413853108882904,25337,1351,175948
5,[16,4,2,8,1]
0.25001585483551025,13344,13344,158691
5,[16,4,2,8,2]
0.04226784408092499,25337,1351,161587
5,[16,4,2,8,4]
0.0422821007668972,25335,1353,163404
5,[16,4,2,8,8]
0.04259268566966057,25333,1355,166691
5,[16,4,2,8,16]
0.042277105152606964,25335,1353,171793
5,[16,4,2,8,32]
0.04231342300772667,25337,1351,183004
5,[16,4,2,16,1]
0.2500110864639282,13344,13344,164351
5,[16,4,2,16,2]
0.042336586862802505,25337,1351,166711
5,[16,4,2,16,4]
0.25001204013824463,13344,13344,165033
5,[16,4,2,16,8]
0.04231274873018265,25334,1354,170524
5,[16,4,2,16,16]
0.04251725226640701,25334,1354,178139
5,[16,4,2,16,32]
0.0422716848552227,25335,1353,194690
5,[16,4,2,32,1]
0.04232450947165489,25337,1351,180151
5,[16,4,2,32,2]
0.042422521859407425,25337,1351,186965
5,[16,4,2,32,4]
0.04244028404355049,25337,1351,182900
5,[16,4,2,32,8]
0.042336560785770416,25337,1351,188316
5,[16,4,2,32,16]
0.042541004717350006,25016,1672,217402
5,[16,4,2,32,32]
0.04220733046531677,25335,1353,230275
5,[16,4,4,1,1]
0.25001391768455505,13344,13344,165962
5,[16,4,4,1,2]
0.25000452995300293,13344,13344,168093
5,[16,4,4,1,4]
0.2500164210796356,13344,13344,169395
5,[16,4,4,1,8]
0.25001436471939087,13344,13344,176319
5,[16,4,4,1,16]
0.04238136112689972,25337,1351,170511
5,[16,4,4,1,32]
0.25001874566078186,13344,13344,174488
5,[16,4,4,2,1]
0.25000670552253723,13344,13344,163414
5,[16,4,4,2,2]
0.04235312342643738,25337,1351,164080
5,[16,4,4,2,4]
0.042340509593486786,25335,1353,161198
5,[16,4,4,2,8]
0.04234148934483528,25337,1351,176103
5,[16,4,4,2,16]
0.25000908970832825,13344,13344,176996
5,[16,4,4,2,32]
0.042334310710430145,25337,1351,181048
5,[16,4,4,4,1]
0.04243893176317215,25337,1351,165160
5,[16,4,4,4,2]
0.25001752376556396,13344,13344,170344
5,[16,4,4,4,4]
0.04229569807648659,25337,1351,173851
5,[16,4,4,4,8]
0.042194660753011703,25335,1353,169783
5,[16,4,4,4,16]
0.04232650622725487,25335,1353,174369
5,[16,4,4,4,32]
0.04231530800461769,25337,1351,189031
5,[16,4,4,8,1]
0.2500142753124237,13344,13344,171307
5,[16,4,4,8,2]
0.042430851608514786,25334,1354,175116
5,[16,4,4,8,4]
0.04232798144221306,25337,1351,174803
5,[16,4,4,8,8]
0.042233072221279144,25335,1353,176432
5,[16,4,4,8,16]
0.04234420135617256,25337,1351,183379
5,[16,4,4,8,32]
0.04230940714478493,25337,1351,195790
5,[16,4,4,16,1]
0.25001609325408936,13344,13344,173051
5,[16,4,4,16,2]
0.04241707921028137,25337,1351,178474
5,[16,4,4,16,4]
0.042372338473796844,25335,1353,179267
5,[16,4,4,16,8]
0.042238589376211166,25335,1353,182547
5,[16,4,4,16,16]
0.04247113689780235,25335,1353,188205
5,[16,4,4,16,32]
0.04219629615545273,25335,1353,204927
5,[16,4,4,32,1]
0.25001874566078186,13344,13344,180029
5,[16,4,4,32,2]
0.042381659150123596,25337,1351,185829
5,[16,4,4,32,4]
0.04225345328450203,25335,1353,188270
5,[16,4,4,32,8]
0.04213358834385872,25337,1351,194024
5,[16,4,4,32,16]
0.04216770827770233,25335,1353,206399
5,[16,4,4,32,32]
0.042474620044231415,25013,1675,229729
5,[16,4,8,1,1]
0.2500159442424774,13344,13344,176061
5,[16,4,8,1,2]
0.042377669364213943,25335,1353,175606
5,[16,4,8,1,4]
0.25001367926597595,13344,13344,165075
5,[16,4,8,1,8]
0.04240255430340767,25337,1351,171467
5,[16,4,8,1,16]
0.2500094175338745,13344,13344,169067
5,[16,4,8,1,32]
0.042436618357896805,25334,1354,180299
5,[16,4,8,2,1]
0.2500162124633789,13344,13344,163930
5,[16,4,8,2,2]
0.25001445412635803,13344,13344,164220
5,[16,4,8,2,4]
0.04244279861450195,25336,1352,170140
5,[16,4,8,2,8]
0.042271144688129425,25337,1351,171400
5,[16,4,8,2,16]
0.25001493096351624,13344,13344,172469
5,[16,4,8,2,32]
0.042494434863328934,25337,1351,182661
5,[16,4,8,4,1]
0.25001877546310425,13344,13344,168401
5,[16,4,8,4,2]
0.25001004338264465,13344,13344,179349
5,[16,4,8,4,4]
0.04224123805761337,25335,1353,182969
5,[16,4,8,4,8]
0.042325083166360855,25337,1351,182766
5,[16,4,8,4,16]
0.042250119149684906,25335,1353,187567
5,[16,4,8,4,32]
0.04240585118532181,25335,1353,195184
5,[16,4,8,8,1]
0.2500154674053192,13344,13344,180676
5,[16,4,8,8,2]
0.04232493042945862,25335,1353,180449
5,[16,4,8,8,4]
0.0423455610871315,25335,1353,178708
5,[16,4,8,8,8]
0.042311105877161026,25337,1351,181332
5,[16,4,8,8,16]
0.04218249395489693,25337,1351,194885
5,[16,4,8,8,32]
0.04229167476296425,25337,1351,206537
5,[16,4,8,16,1]
0.042312074452638626,25337,1351,191530
5,[16,4,8,16,2]
0.2500152289867401,13344,13344,202553
5,[16,4,8,16,4]
0.04231477156281471,25337,1351,202957
5,[16,4,8,16,8]
0.042322512716054916,25337,1351,206289
5,[16,4,8,16,16]
0.04218410328030586,25337,1351,211278
5,[16,4,8,16,32]
0.04220109060406685,25335,1353,225765
5,[16,4,8,32,1]
0.25001341104507446,13344,13344,200632
5,[16,4,8,32,2]
0.042371828109025955,25337,1351,202929
5,[16,4,8,32,4]
0.04237191751599312,25337,1351,205980
5,[16,4,8,32,8]
0.04231533408164978,25337,1351,222182
5,[16,4,8,32,16]
0.04220875725150108,25334,1354,232783
5,[16,4,8,32,32]
0.04228424280881882,25337,1351,250516
5,[16,4,16,1,1]
0.250008225440979,13344,13344,183156
5,[16,4,16,1,2]
0.04239819198846817,25337,1351,185170
5,[16,4,16,1,4]
0.042456913739442825,25337,1351,184543
5,[16,4,16,1,8]
0.04246525466442108,25337,1351,186185
5,[16,4,16,1,16]
0.042350150644779205,25335,1353,189218
5,[16,4,16,1,32]
0.250014066696167,13344,13344,197062
5,[16,4,16,2,1]
0.25001174211502075,13344,13344,183168
5,[16,4,16,2,2]
0.04236868396401405,25335,1353,188089
5,[16,4,16,2,4]
0.04233532026410103,25337,1351,191781
5,[16,4,16,2,8]
0.2500149607658386,13344,13344,192217
5,[16,4,16,2,16]
0.04229622334241867,25335,1353,197212
5,[16,4,16,2,32]
0.042451411485672,25337,1351,205489
5,[16,4,16,4,1]
0.04244575276970863,25336,1352,191671
5,[16,4,16,4,2]
0.04219997674226761,25337,1351,190535
5,[16,4,16,4,4]
0.04224981367588043,25335,1353,187765
5,[16,4,16,4,8]
0.04223259910941124,25335,1353,190366
5,[16,4,16,4,16]
0.0424063540995121,25337,1351,195946
5,[16,4,16,4,32]
0.04232563450932503,25337,1351,204237
5,[16,4,16,8,1]
0.04251337796449661,25337,1351,191603
5,[16,4,16,8,2]
0.04235472157597542,25337,1351,191291
5,[16,4,16,8,4]
0.04226916655898094,25337,1351,199088
5,[16,4,16,8,8]
0.042268794029951096,25337,1351,209293
5,[16,4,16,8,16]
0.042208362370729446,25335,1353,210073
5,[16,4,16,8,32]
0.04215797036886215,25337,1351,216644
5,[16,4,16,16,1]
0.04237722232937813,25335,1353,204155
5,[16,4,16,16,2]
0.25001686811447144,13344,13344,204465
5,[16,4,16,16,4]
0.042248569428920746,25337,1351,206281
5,[16,4,16,16,8]
0.04220128059387207,25335,1353,212182
5,[16,4,16,16,16]
0.04214487597346306,25337,1351,220995
5,[16,4,16,16,32]
0.04230601340532303,25337,1351,237986
5,[16,4,16,32,1]
0.2500172257423401,13344,13344,214057
5,[16,4,16,32,2]
0.04216456040740013,25335,1353,224932
5,[16,4,16,32,4]
0.04216942563652992,25337,1351,229126
5,[16,4,16,32,8]
0.04226792976260185,25337,1351,234530
5,[16,4,16,32,16]
0.042173683643341064,25335,1353,243540
5,[16,4,16,32,32]
0.042167872190475464,25337,1351,264894
5,[16,4,32,1,1]
0.25001686811447144,13344,13344,193227
5,[16,4,32,1,2]
0.25001832842826843,13344,13344,191712
5,[16,4,32,1,4]
0.2500115931034088,13344,13344,193527
5,[16,4,32,1,8]
0.04233209416270256,25335,1353,196466
5,[16,4,32,1,16]
0.04250051826238632,25337,1351,198053
5,[16,4,32,1,32]
0.04229920729994774,25335,1353,206578
5,[16,4,32,2,1]
0.2500108480453491,13344,13344,191615
5,[16,4,32,2,2]
0.25000765919685364,13344,13344,193590
5,[16,4,32,2,4]
0.042340002954006195,25334,1354,194316
5,[16,4,32,2,8]
0.25001007318496704,13344,13344,200640
5,[16,4,32,2,16]
0.04225603863596916,25337,1351,205818
5,[16,4,32,2,32]
0.042289674282073975,25335,1353,214487
5,[16,4,32,4,1]
0.04228685796260834,25337,1351,209295
5,[16,4,32,4,2]
0.25001826882362366,13344,13344,205983
5,[16,4,32,4,4]
0.04238564893603325,25332,1356,210809
5,[16,4,32,4,8]
0.04225628823041916,25337,1351,219153
5,[16,4,32,4,16]
0.042218953371047974,25335,1353,224451
5,[16,4,32,4,32]
0.04223717004060745,25335,1353,238051
5,[16,4,32,8,1]
0.04239239543676376,25335,1353,220551
5,[16,4,32,8,2]
0.2500150501728058,13344,13344,239036
5,[16,4,32,8,4]
0.04227662459015846,25335,1353,241129
5,[16,4,32,8,8]
0.04231327399611473,25337,1351,248784
5,[16,4,32,8,16]
0.04218938201665878,25335,1353,244071
5,[16,4,32,8,32]
0.04219633713364601,25335,1353,242071
5,[16,4,32,16,1]
0.2500167191028595,13344,13344,221251
5,[16,4,32,16,2]
0.2500118613243103,13344,13344,224583
5,[16,4,32,16,4]
0.042205747216939926,25335,1353,230939
5,[16,4,32,16,8]
0.04218200221657753,25335,1353,235664
5,[16,4,32,16,16]
0.04228527843952179,25337,1351,243509
5,[16,4,32,16,32]
0.04228678718209267,25337,1351,257479
5,[16,4,32,32,1]
0.2500144839286804,13344,13344,252085
5,[16,4,32,32,2]
0.042195338755846024,25337,1351,256106
5,[16,4,32,32,4]
0.04237492382526398,25335,1353,256588
5,[16,4,32,32,8]
0.04225911200046539,25335,1353,262918
5,[16,4,32,32,16]
0.04214809834957123,25335,1353,272612
5,[16,4,32,32,32]
0.04228478670120239,25337,1351,296958
5,[16,8,1,1,1]
0.25001397728919983,13344,13344,191825
5,[16,8,1,1,2]
0.25001001358032227,13344,13344,191128
5,[16,8,1,1,4]
0.2500150203704834,13344,13344,191123
5,[16,8,1,1,8]
0.2500145435333252,13344,13344,192831
5,[16,8,1,1,16]
0.042442724108695984,25337,1351,198095
5,[16,8,1,1,32]
0.04228796809911728,25337,1351,210546
5,[16,8,1,2,1]
0.25000783801078796,13344,13344,195628
5,[16,8,1,2,2]
0.25001367926597595,13344,13344,195673
5,[16,8,1,2,4]
0.25001296401023865,13344,13344,196482
5,[16,8,1,2,8]
0.04235376790165901,25337,1351,200955
5,[16,8,1,2,16]
0.042449306696653366,25335,1353,204626
5,[16,8,1,2,32]
0.25000759959220886,13344,13344,208944
5,[16,8,1,4,1]
0.25001630187034607,13344,13344,197737
5,[16,8,1,4,2]
0.04241068288683891,25335,1353,200139
5,[16,8,1,4,4]
0.042399559170007706,25335,1353,202404
5,[16,8,1,4,8]
0.2500156760215759,13344,13344,202936
5,[16,8,1,4,16]
0.04238563030958176,25335,1353,207958
5,[16,8,1,4,32]
0.04234373942017555,25334,1354,218794
5,[16,8,1,8,1]
0.25001588463783264,13344,13344,198711
5,[16,8,1,8,2]
0.2500130236148834,13344,13344,199258
5,[16,8,1,8,4]
0.25001469254493713,13344,13344,202144
5,[16,8,1,8,8]
0.04236539825797081,25335,1353,205252
5,[16,8,1,8,16]
0.04244055971503258,25337,1351,210913
5,[16,8,1,8,32]
0.04236786812543869,25332,1356,222044
5,[16,8,1,16,1]
0.2500138282775879,13344,13344,203387
5,[16,8,1,16,2]
0.25001680850982666,13344,13344,203423
5,[16,8,1,16,4]
0.2500176429748535,13344,13344,204440
5,[16,8,1,16,8]
0.04250195249915123,25336,1352,211999
5,[16,8,1,16,16]
0.042352769523859024,25337,1351,217911
5,[16,8,1,16,32]
0.2500165104866028,13344,13344,227956
5,[16,8,1,32,1]
0.25001391768455505,13344,13344,209270
5,[16,8,1,32,2]
0.2500085234642029,13344,13344,213332
5,[16,8,1,32,4]
0.04235346242785454,25332,1356,216598
5,[16,8,1,32,8]
0.04234345257282257,25335,1353,223398
5,[16,8,1,32,16]
0.25000953674316406,13344,13344,228720
5,[16,8,1,32,32]
0.2500133514404297,13344,13344,248563
5,[16,8,2,1,1]
0.2500132918357849,13344,13344,197589
5,[16,8,2,1,2]
0.2500188946723938,13344,13344,198205
5,[16,8,2,1,4]
0.0423324890434742,25337,1351,201457
5,[16,8,2,1,8]
0.04237641394138336,25335,1353,201197
5,[16,8,2,1,16]
0.2500137388706207,13344,13344,201985
5,[16,8,2,1,32]
0.25001198053359985,13344,13344,209014
5,[16,8,2,2,1]
0.04236150160431862,25337,1351,199588
5,[16,8,2,2,2]
0.04230509325861931,25335,1353,200240
5,[16,8,2,2,4]
0.0423545241355896,25337,1351,201637
5,[16,8,2,2,8]
0.2500172257423401,13344,13344,202096
5,[16,8,2,2,16]
0.042370252311229706,25337,1351,207315
5,[16,8,2,2,32]
0.04233504831790924,25335,1353,216099
5,[16,8,2,4,1]
0.04241054877638817,25337,1351,202350
5,[16,8,2,4,2]
0.04238646849989891,25337,1351,202236
5,[16,8,2,4,4]
0.2500151991844177,13344,13344,200032
5,[16,8,2,4,8]
0.04231427237391472,25335,1353,206828
5,[16,8,2,4,16]
0.04227607324719429,25335,1353,209383
5,[16,8,2,4,32]
0.04235116019845009,25334,1354,219842
5,[16,8,2,8,1]
0.04233212023973465,25335,1353,202312
5,[16,8,2,8,2]
0.25001445412635803,13344,13344,202790
5,[16,8,2,8,4]
0.042314693331718445,25336,1352,205996
5,[16,8,2,8,8]
0.0424601286649704,25337,1351,208936
5,[16,8,2,8,16]
0.042470965534448624,25335,1353,213021
5,[16,8,2,8,32]
0.04227335378527641,25335,1353,224398
5,[16,8,2,16,1]
0.2500156760215759,13344,13344,206860
5,[16,8,2,16,2]
0.042373839765787125,25335,1353,209181
5,[16,8,2,16,4]
0.250011682510376,13344,13344,207162
5,[16,8,2,16,8]
0.04230860620737076,25335,1353,214222
5,[16,8,2,16,16]
0.04224782809615135,25335,1353,221529
5,[16,8,2,16,32]
0.04225275292992592,25337,1351,237284
5,[16,8,2,32,1]
0.0425691232085228,25333,1355,215916
5,[16,8,2,32,2]
0.04220849648118019,25335,1353,216550
5,[16,8,2,32,4]
0.04217290133237839,25337,1351,221683
5,[16,8,2,32,8]
0.2500203847885132,13344,13344,219412
5,[16,8,2,32,16]
0.042191360145807266,25335,1353,236827
5,[16,8,2,32,32]
0.042229555547237396,25335,1353,260239
5,[16,8,4,1,1]
0.04228903353214264,25335,1353,201478
5,[16,8,4,1,2]
0.25001436471939087,13344,13344,199964
5,[16,8,4,1,4]
0.2500130832195282,13344,13344,203625
5,[16,8,4,1,8]
0.04246591776609421,25337,1351,205077
5,[16,8,4,1,16]
0.2500178813934326,13344,13344,205308
5,[16,8,4,1,32]
0.2500160038471222,13344,13344,212835
5,[16,8,4,2,1]
0.25001803040504456,13344,13344,201039
5,[16,8,4,2,2]
0.25000572204589844,13344,13344,200943
5,[16,8,4,2,4]
0.042335670441389084,25337,1351,204092
5,[16,8,4,2,8]
0.04241082817316055,25337,1351,206435
5,[16,8,4,2,16]
0.042218420654535294,25335,1353,211136
5,[16,8,4,2,32]
0.04247479885816574,25337,1351,218504
5,[16,8,4,4,1]
0.25001052021980286,13344,13344,201832
5,[16,8,4,4,2]
0.25001290440559387,13344,13344,203651
5,[16,8,4,4,4]
0.04232064634561539,25336,1352,205499
5,[16,8,4,4,8]
0.04219449311494827,25333,1355,208098
5,[16,8,4,4,16]
0.04233798757195473,25335,1353,212738
5,[16,8,4,4,32]
0.042216088622808456,25335,1353,220978
5,[16,8,4,8,1]
0.2500147223472595,13344,13344,204082
5,[16,8,4,8,2]
0.04242292046546936,25337,1351,208061
5,[16,8,4,8,4]
0.042345885187387466,25337,1351,209333
5,[16,8,4,8,8]
0.042220719158649445,25335,1353,211919
5,[16,8,4,8,16]
0.04238786920905113,25337,1351,218733
5,[16,8,4,8,32]
0.04220278933644295,25335,1353,228916
5,[16,8,4,16,1]
0.25001364946365356,13344,13344,210351
5,[16,8,4,16,2]
0.2500135898590088,13344,13344,212177
5,[16,8,4,16,4]
0.04226565361022949,25337,1351,215340
5,[16,8,4,16,8]
0.04220361262559891,25335,1353,220515
5,[16,8,4,16,16]
0.042224716395139694,25335,1353,226750
5,[16,8,4,16,32]
0.04220636934041977,25333,1355,240541
5,[16,8,4,32,1]
0.25001832842826843,13344,13344,221497
5,[16,8,4,32,2]
0.04229128360748291,25337,1351,222595
5,[16,8,4,32,4]
0.04223332181572914,25333,1355,226354
5,[16,8,4,32,8]
0.04220200702548027,25337,1351,230722
5,[16,8,4,32,16]
0.04220126196742058,25335,1353,242785
5,[16,8,4,32,32]
0.042291443794965744,25335,1353,265669
5,[16,8,8,1,1]
0.25001558661460876,13344,13344,203306
5,[16,8,8,1,2]
0.25001177191734314,13344,13344,205285
5,[16,8,8,1,4]
0.042424630373716354,25337,1351,206760
5,[16,8,8,1,8]
0.04234318807721138,25337,1351,208600
5,[16,8,8,1,16]
0.0424521304666996,25337,1351,212282
5,[16,8,8,1,32]
0.2500135004520416,13344,13344,215605
5,[16,8,8,2,1]
0.25001710653305054,13344,13344,205140
5,[16,8,8,2,2]
0.04234008863568306,25335,1353,207093
5,[16,8,8,2,4]
0.042343854904174805,25337,1351,209516
5,[16,8,8,2,8]
0.04227905347943306,25337,1351,209893
5,[16,8,8,2,16]
0.042249005287885666,25333,1355,213456
5,[16,8,8,2,32]
0.04237789288163185,25335,1353,223528
5,[16,8,8,4,1]
0.04238074645400047,25334,1354,208728
5,[16,8,8,4,2]
0.25001558661460876,13344,13344,208023
5,[16,8,8,4,4]
0.04235200211405754,25337,1351,210503
5,[16,8,8,4,8]
0.042352236807346344,25337,1351,213600
5,[16,8,8,4,16]
0.04223603010177612,25337,1351,217827
5,[16,8,8,4,32]
0.04219875857234001,25337,1351,227201
5,[16,8,8,8,1]
0.04229232296347618,25335,1353,212142
5,[16,8,8,8,2]
0.04235287010669708,25335,1353,212832
5,[16,8,8,8,4]
0.042180974036455154,25335,1353,213999
5,[16,8,8,8,8]
0.042245205491781235,25337,1351,218062
5,[16,8,8,8,16]
0.04229317605495453,25337,1351,221820
5,[16,8,8,8,32]
0.04228091984987259,25337,1351,232484
5,[16,8,8,16,1]
0.04238713160157204,25335,1353,218032
5,[16,8,8,16,2]
0.0424567349255085,25337,1351,218845
5,[16,8,8,16,4]
0.0422530435025692,25335,1353,221628
5,[16,8,8,16,8]
0.04230593517422676,25337,1351,223874
5,[16,8,8,16,16]
0.042190976440906525,25337,1351,233251
5,[16,8,8,16,32]
0.042186569422483444,25335,1353,246850
5,[16,8,8,32,1]
0.04237879440188408,25335,1353,229091
5,[16,8,8,32,2]
0.042186371982097626,25335,1353,229309
5,[16,8,8,32,4]
0.04233897849917412,25335,1353,232274
5,[16,8,8,32,8]
0.0422455333173275,25337,1351,238297
5,[16,8,8,32,16]
0.04221764951944351,25337,1351,249176
5,[16,8,8,32,32]
0.04218452051281929,25337,1351,272437
5,[16,8,16,1,1]
0.250016450881958,13344,13344,207641
5,[16,8,16,1,2]
0.04237833246588707,25335,1353,212126
5,[16,8,16,1,4]
0.042285770177841187,25335,1353,213384
5,[16,8,16,1,8]
0.04237733036279678,25337,1351,215088
5,[16,8,16,1,16]
0.0423516184091568,25337,1351,217548
5,[16,8,16,1,32]
0.2500177025794983,13344,13344,220827
5,[16,8,16,2,1]
0.2500162422657013,13344,13344,210710
5,[16,8,16,2,2]
0.04226922243833542,25335,1353,213910
5,[16,8,16,2,4]
0.042263902723789215,25337,1351,215221
5,[16,8,16,2,8]
0.04229111224412918,25335,1353,218463
5,[16,8,16,2,16]
0.042309921234846115,25335,1353,221392
5,[16,8,16,2,32]
0.04228142648935318,25337,1351,228766
5,[16,8,16,4,1]
0.04233955964446068,25335,1353,220288
5,[16,8,16,4,2]
0.04237262159585953,25335,1353,216828
5,[16,8,16,4,4]
0.04239330813288689,25337,1351,218235
5,[16,8,16,4,8]
0.042194709181785583,25337,1351,220728
5,[16,8,16,4,16]
0.04217902570962906,25335,1353,225060
5,[16,8,16,4,32]
0.042194247245788574,25333,1355,233181
5,[16,8,16,8,1]
0.2500092685222626,13344,13344,217627
5,[16,8,16,8,2]
0.042165275663137436,25337,1351,221025
5,[16,8,16,8,4]
0.04240827262401581,25337,1351,222828
5,[16,8,16,8,8]
0.04217851907014847,25337,1351,225100
5,[16,8,16,8,16]
0.04235459119081497,25335,1353,228839
5,[16,8,16,8,32]
0.042188867926597595,25335,1353,241204
5,[16,8,16,16,1]
0.24999795854091644,13344,13344,222971
5,[16,8,16,16,2]
0.04233264550566673,25335,1353,228402
5,[16,8,16,16,4]
0.042278844863176346,25337,1351,231550
5,[16,8,16,16,8]
0.04216626286506653,25335,1353,235167
5,[16,8,16,16,16]
0.04219057783484459,25332,1356,241886
5,[16,8,16,16,32]
0.042278628796339035,25337,1351,255906
5,[16,8,16,32,1]
0.04233967885375023,25335,1353,242138
5,[16,8,16,32,2]
0.0423685647547245,25335,1353,244232
5,[16,8,16,32,4]
0.25001659989356995,13344,13344,247775
5,[16,8,16,32,8]
0.042193956673145294,25335,1353,251716
5,[16,8,16,32,16]
0.04225465655326843,25335,1353,264849
5,[16,8,16,32,32]
0.04225372150540352,25335,1353,289399
5,[16,8,32,1,1]
0.25000277161598206,13344,13344,220999
5,[16,8,32,1,2]
0.25001490116119385,13344,13344,219846
5,[16,8,32,1,4]
0.25001800060272217,13344,13344,226705
5,[16,8,32,1,8]
0.0423356331884861,25335,1353,229592
5,[16,8,32,1,16]
0.042438168078660965,25337,1351,232204
5,[16,8,32,1,32]
0.04235086962580681,25335,1353,239764
5,[16,8,32,2,1]
0.042365413159132004,25335,1353,228230
5,[16,8,32,2,2]
0.042333073914051056,25337,1351,231635
5,[16,8,32,2,4]
0.04239711910486221,25337,1351,230253
5,[16,8,32,2,8]
0.04230553284287453,25337,1351,232165
5,[16,8,32,2,16]
0.04228753596544266,25334,1354,237155
5,[16,8,32,2,32]
0.04239814728498459,25335,1353,246350
5,[16,8,32,4,1]
0.04232664778828621,25337,1351,233269
5,[16,8,32,4,2]
0.04230856895446777,25335,1353,234051
5,[16,8,32,4,4]
0.04221394285559654,25337,1351,234766
5,[16,8,32,4,8]
0.042182084172964096,25335,1353,237988
5,[16,8,32,4,16]
0.04219458997249603,25335,1353,242400
5,[16,8,32,4,32]
0.04243040829896927,25337,1351,249404
5,[16,8,32,8,1]
0.25001174211502075,13344,13344,233084
5,[16,8,32,8,2]
0.04241020604968071,25337,1351,239591
5,[16,8,32,8,4]
0.04228352755308151,25337,1351,244622
5,[16,8,32,8,8]
0.04220376908779144,25014,1674,247250
5,[16,8,32,8,16]
0.04219646379351616,25335,1353,251107
5,[16,8,32,8,32]
0.04216635599732399,25335,1353,262335
5,[16,8,32,16,1]
0.25001364946365356,13344,13344,248479
5,[16,8,32,16,2]
0.04224524646997452,25335,1353,255963
5,[16,8,32,16,4]
0.04215362295508385,25335,1353,256050
5,[16,8,32,16,8]
0.042191289365291595,25335,1353,259087
5,[16,8,32,16,16]
0.042174097150564194,25335,1353,267286
5,[16,8,32,16,32]
0.042137738317251205,25335,1353,285181
5,[16,8,32,32,1]
0.04237912967801094,25334,1354,273859
5,[16,8,32,32,2]
0.04221339151263237,25335,1353,267657
5,[16,8,32,32,4]
0.04214637726545334,25337,1351,268945
5,[16,8,32,32,8]
0.04215466231107712,25335,1353,253803
5,[16,8,32,32,16]
0.0421748012304306,25335,1353,260620
5,[16,8,32,32,32]
0.04224136844277382,25335,1353,280562
5,[16,16,1,1,1]
0.25001007318496704,13344,13344,171600
5,[16,16,1,1,2]
0.2500130534172058,13344,13344,172701
5,[16,16,1,1,4]
0.250006765127182,13344,13344,172590
5,[16,16,1,1,8]
0.04230278357863426,25335,1353,177158
5,[16,16,1,1,16]
0.04231494665145874,25335,1353,181436
5,[16,16,1,1,32]
0.04238911345601082,25335,1353,189261
5,[16,16,1,2,1]
0.042302604764699936,25337,1351,176750
5,[16,16,1,2,2]
0.2500133216381073,13344,13344,174116
5,[16,16,1,2,4]
0.2500191032886505,13344,13344,173720
5,[16,16,1,2,8]
0.250015527009964,13344,13344,175364
5,[16,16,1,2,16]
0.042333319783210754,25337,1351,183933
5,[16,16,1,2,32]
0.042339228093624115,25335,1353,192623
5,[16,16,1,4,1]
0.25001534819602966,13344,13344,173716
5,[16,16,1,4,2]
0.25001710653305054,13344,13344,173318
5,[16,16,1,4,4]
0.04236852005124092,25337,1351,178454
5,[16,16,1,4,8]
0.25001418590545654,13344,13344,177845
5,[16,16,1,4,16]
0.25001585483551025,13344,13344,181396
5,[16,16,1,4,32]
0.04239671304821968,25335,1353,194229
5,[16,16,1,8,1]
0.04238652065396309,25334,1354,177303
5,[16,16,1,8,2]
0.042425017803907394,25337,1351,177166
5,[16,16,1,8,4]
0.2500079870223999,13344,13344,175672
5,[16,16,1,8,8]
0.2500145137310028,13344,13344,178720
5,[16,16,1,8,16]
0.2500164806842804,13344,13344,182306
5,[16,16,1,8,32]
0.042290423065423965,25335,1353,199262
5,[16,16,1,16,1]
0.25001591444015503,13344,13344,176695
5,[16,16,1,16,2]
0.25001052021980286,13344,13344,180841
5,[16,16,1,16,4]
0.04232173040509224,25337,1351,183465
5,[16,16,1,16,8]
0.2500149607658386,13344,13344,183173
5,[16,16,1,16,16]
0.25001537799835205,13344,13344,190299
5,[16,16,1,16,32]
0.04234953224658966,25337,1351,209532
5,[16,16,1,32,1]
0.25000444054603577,13344,13344,186945
5,[16,16,1,32,2]
0.0423707477748394,25335,1353,191415
5,[16,16,1,32,4]
0.04233535751700401,25335,1353,194653
5,[16,16,1,32,8]
0.04239656403660774,25337,1351,199532
5,[16,16,1,32,16]
0.25001469254493713,13344,13344,203958
5,[16,16,1,32,32]
0.042258910834789276,25335,1353,234250
5,[16,16,2,1,1]
0.25001734495162964,13344,13344,174574
5,[16,16,2,1,2]
0.24998998641967773,13344,13344,174668
5,[16,16,2,1,4]
0.25001734495162964,13344,13344,178309
5,[16,16,2,1,8]
0.25000515580177307,13344,13344,177861
5,[16,16,2,1,16]
0.2500137686729431,13344,13344,180124
5,[16,16,2,1,32]
0.042336355894804,25335,1353,191969
5,[16,16,2,2,1]
0.2500086724758148,13344,13344,175474
5,[16,16,2,2,2]
0.25001394748687744,13344,13344,175805
5,[16,16,2,2,4]
0.04231412708759308,25337,1351,179179
5,[16,16,2,2,8]
0.04248858243227005,25336,1352,188270
5,[16,16,2,2,16]
0.2500125467777252,13344,13344,190588
5,[16,16,2,2,32]
0.042394548654556274,25335,1353,212594
5,[16,16,2,4,1]
0.25001174211502075,13344,13344,188252
5,[16,16,2,4,2]
0.042428646236658096,25334,1354,186567
5,[16,16,2,4,4]
0.04236340895295143,25337,1351,187404
5,[16,16,2,4,8]
0.04245087504386902,25337,1351,188374
5,[16,16,2,4,16]
0.04243217036128044,25337,1351,189220
5,[16,16,2,4,32]
0.25001293420791626,13344,13344,194144
5,[16,16,2,8,1]
0.2500121295452118,13344,13344,177618
5,[16,16,2,8,2]
0.04232082515954971,25337,1351,181125
5,[16,16,2,8,4]
0.04229860380291939,25337,1351,184337
5,[16,16,2,8,8]
0.04226723313331604,25335,1353,185065
5,[16,16,2,8,16]
0.04231199622154236,25332,1356,191880
5,[16,16,2,8,32]
0.04222545027732849,25335,1353,203531
5,[16,16,2,16,1]
0.042357541620731354,25335,1353,184381
5,[16,16,2,16,2]
0.042252130806446075,25335,1353,189328
5,[16,16,2,16,4]
0.25001850724220276,13344,13344,184507
5,[16,16,2,16,8]
0.042236555367708206,25337,1351,191417
5,[16,16,2,16,16]
0.04225242882966995,25335,1353,199760
5,[16,16,2,16,32]
0.04218190163373947,25337,1351,215936
5,[16,16,2,32,1]
0.2500147819519043,13344,13344,192933
5,[16,16,2,32,2]
0.04247061908245087,25337,1351,195348
5,[16,16,2,32,4]
0.042239293456077576,25335,1353,198265
5,[16,16,2,32,8]
0.04229171574115753,25337,1351,204095
5,[16,16,2,32,16]
0.04219057038426399,25335,1353,216311
5,[16,16,2,32,32]
0.042255911976099014,25334,1354,240215
5,[16,16,4,1,1]
0.25001683831214905,13344,13344,179472
5,[16,16,4,1,2]
0.25001320242881775,13344,13344,179321
5,[16,16,4,1,4]
0.2500147223472595,13344,13344,179448
5,[16,16,4,1,8]
0.04237578436732292,25335,1353,185769
5,[16,16,4,1,16]
0.2500033676624298,13344,13344,208112
5,[16,16,4,1,32]
0.042452260851860046,25335,1353,211170
5,[16,16,4,2,1]
0.04244459047913551,25337,1351,190589
5,[16,16,4,2,2]
0.25001734495162964,13344,13344,183783
5,[16,16,4,2,4]
0.04239090904593468,25335,1353,186117
5,[16,16,4,2,8]
0.04231376573443413,25335,1353,181255
5,[16,16,4,2,16]
0.04235856607556343,25335,1353,182435
5,[16,16,4,2,32]
0.04239881783723831,25337,1351,191488
5,[16,16,4,4,1]
0.250013142824173,13344,13344,176065
5,[16,16,4,4,2]
0.04218706861138344,25335,1353,178590
5,[16,16,4,4,4]
0.042201463133096695,25335,1353,179696
5,[16,16,4,4,8]
0.04215925186872482,25335,1353,180836
5,[16,16,4,4,16]
0.04222838953137398,25337,1351,186028
5,[16,16,4,4,32]
0.042200829833745956,25335,1353,195934
5,[16,16,4,8,1]
0.2500135600566864,13344,13344,178837
5,[16,16,4,8,2]
0.04236793890595436,25337,1351,184181
5,[16,16,4,8,4]
0.04232853651046753,25335,1353,184672
5,[16,16,4,8,8]
0.04225274547934532,25337,1351,187464
5,[16,16,4,8,16]
0.04224715009331703,25337,1351,194118
5,[16,16,4,8,32]
0.04218466207385063,25335,1353,212907
5,[16,16,4,16,1]
0.25001341104507446,13344,13344,199468
5,[16,16,4,16,2]
0.04239322617650032,25334,1354,197555
5,[16,16,4,16,4]
0.04220724478363991,25335,1353,191233
5,[16,16,4,16,8]
0.04221577197313309,25011,1677,196782
5,[16,16,4,16,16]
0.04219978302717209,25335,1353,213379
5,[16,16,4,16,32]
0.04227375611662865,25335,1353,220844
5,[16,16,4,32,1]
0.2500147223472595,13344,13344,198678
5,[16,16,4,32,2]
0.04223838075995445,25335,1353,196726
5,[16,16,4,32,4]
0.04218090698122978,25335,1353,206771
5,[16,16,4,32,8]
0.04226593300700188,25335,1353,208992
5,[16,16,4,32,16]
0.04224854335188866,25337,1351,220803
5,[16,16,4,32,32]
0.04224483296275139,25337,1351,244161
5,[16,16,8,1,1]
0.2500133514404297,13344,13344,181580
5,[16,16,8,1,2]
0.25001248717308044,13344,13344,183427
5,[16,16,8,1,4]
0.042370155453681946,25335,1353,186438
5,[16,16,8,1,8]
0.04230957105755806,25337,1351,188328
5,[16,16,8,1,16]
0.042394086718559265,25337,1351,191078
5,[16,16,8,1,32]
0.042382899671792984,25335,1353,199483
5,[16,16,8,2,1]
0.04245169088244438,25337,1351,188615
5,[16,16,8,2,2]
0.04232073575258255,25337,1351,189499
5,[16,16,8,2,4]
0.04233181104063988,25335,1353,204068
5,[16,16,8,2,8]
0.04220617562532425,25335,1353,192155
5,[16,16,8,2,16]
0.04236802086234093,25337,1351,187800
5,[16,16,8,2,32]
0.04232611134648323,25337,1351,195992
5,[16,16,8,4,1]
0.2500160336494446,13344,13344,178991
5,[16,16,8,4,2]
0.04234793782234192,25334,1354,183811
5,[16,16,8,4,4]
0.04227408766746521,25335,1353,184039
5,[16,16,8,4,8]
0.042219728231430054,25337,1351,187193
5,[16,16,8,4,16]
0.04232075810432434,25337,1351,193045
5,[16,16,8,4,32]
0.042188264429569244,25335,1353,200322
5,[16,16,8,8,1]
0.04239346459507942,25337,1351,185409
5,[16,16,8,8,2]
0.042276326566934586,25335,1353,191247
5,[16,16,8,8,4]
0.042246263474226,25337,1351,191752
5,[16,16,8,8,8]
0.042205192148685455,25335,1353,190523
5,[16,16,8,8,16]
0.04219694063067436,25335,1353,198307
5,[16,16,8,8,32]
0.04218025133013725,25335,1353,207451
5,[16,16,8,16,1]
0.250016987323761,13344,13344,188762
5,[16,16,8,16,2]
0.04221091419458389,25337,1351,193044
5,[16,16,8,16,4]
0.042274899780750275,25337,1351,196791
5,[16,16,8,16,8]
0.04212488234043121,25335,1353,198441
5,[16,16,8,16,16]
0.04217911139130592,25335,1353,205104
5,[16,16,8,16,32]
0.04223008453845978,25332,1356,220133
5,[16,16,8,32,1]
0.04229140654206276,25335,1353,207118
5,[16,16,8,32,2]
0.042296770960092545,25335,1353,209307
5,[16,16,8,32,4]
0.04216282069683075,25337,1351,212858
5,[16,16,8,32,8]
0.042240872979164124,25337,1351,218566
5,[16,16,8,32,16]
0.04224009066820145,25337,1351,230694
5,[16,16,8,32,32]
0.042132943868637085,25335,1353,254918
5,[16,16,16,1,1]
0.04240262880921364,25335,1353,193527
5,[16,16,16,1,2]
0.042420197278261185,25337,1351,194420
5,[16,16,16,1,4]
0.2500198483467102,13344,13344,193639
5,[16,16,16,1,8]
0.2500077784061432,13344,13344,194888
5,[16,16,16,1,16]
0.04232960194349289,25337,1351,200498
5,[16,16,16,1,32]
0.04241199791431427,25337,1351,207886
5,[16,16,16,2,1]
0.042303722351789474,25337,1351,196643
5,[16,16,16,2,2]
0.2500201165676117,13344,13344,192183
5,[16,16,16,2,4]
0.042352356016635895,25333,1355,197514
5,[16,16,16,2,8]
0.25001275539398193,13344,13344,196652
5,[16,16,16,2,16]
0.04231717064976692,25337,1351,203793
5,[16,16,16,2,32]
0.04217531904578209,25335,1353,213230
5,[16,16,16,4,1]
0.04233241081237793,25337,1351,198349
5,[16,16,16,4,2]
0.04224815592169762,25335,1353,198189
5,[16,16,16,4,4]
0.042208679020404816,25335,1353,199241
5,[16,16,16,4,8]
0.042321644723415375,25335,1353,202152
5,[16,16,16,4,16]
0.04214954376220703,25335,1353,205818
5,[16,16,16,4,32]
0.042238906025886536,25337,1351,214194
5,[16,16,16,8,1]
0.04229893907904625,25337,1351,201736
5,[16,16,16,8,2]
0.25002357363700867,13344,13344,198910
5,[16,16,16,8,4]
0.042169053107500076,25335,1353,205245
5,[16,16,16,8,8]
0.04217046499252319,25335,1353,207094
5,[16,16,16,8,16]
0.04215617850422859,25335,1353,212876
5,[16,16,16,8,32]
0.04218410700559616,25337,1351,224751
5,[16,16,16,16,1]
0.25001588463783264,13344,13344,204872
5,[16,16,16,16,2]
0.042160339653491974,25335,1353,212306
5,[16,16,16,16,4]
0.042219869792461395,25335,1353,214129
5,[16,16,16,16,8]
0.04214264079928398,25335,1353,217392
5,[16,16,16,16,16]
0.04221556335687637,25335,1353,225933
5,[16,16,16,16,32]
0.04214410483837128,25335,1353,239998
5,[16,16,16,32,1]
0.2500183880329132,13344,13344,219115
5,[16,16,16,32,2]
0.042361002415418625,25335,1353,227260
5,[16,16,16,32,4]
0.042170826345682144,25333,1355,230577
5,[16,16,16,32,8]
0.042173486202955246,25335,1353,238124
5,[16,16,16,32,16]
0.04220114275813103,25335,1353,248548
5,[16,16,16,32,32]
0.04222925379872322,25337,1351,271032
5,[16,16,32,1,1]
0.04241165891289711,25337,1351,212064
5,[16,16,32,1,2]
0.25001272559165955,13344,13344,206821
5,[16,16,32,1,4]
0.04240430146455765,25335,1353,214454
5,[16,16,32,1,8]
0.04231889545917511,25335,1353,214037
5,[16,16,32,1,16]
0.2500050365924835,13344,13344,211233
5,[16,16,32,1,32]
0.04242768883705139,25335,1353,225592
5,[16,16,32,2,1]
0.04231526330113411,25337,1351,214652
5,[16,16,32,2,2]
0.04238538071513176,25335,1353,214760
5,[16,16,32,2,4]
0.04231923073530197,25337,1351,216554
5,[16,16,32,2,8]
0.04232008755207062,25335,1353,217781
5,[16,16,32,2,16]
0.04222830384969711,25335,1353,221287
5,[16,16,32,2,32]
0.04218660295009613,25337,1351,230061
5,[16,16,32,4,1]
0.04226694256067276,25337,1351,217428
5,[16,16,32,4,2]
0.042335446923971176,25335,1353,217908
5,[16,16,32,4,4]
0.04219517856836319,25335,1353,219610
5,[16,16,32,4,8]
0.25001898407936096,13344,13344,221350
5,[16,16,32,4,16]
0.042176708579063416,25335,1353,226267
5,[16,16,32,4,32]
0.042213574051856995,25337,1351,235049
5,[16,16,32,8,1]
0.25000977516174316,13344,13344,222249
5,[16,16,32,8,2]
0.042315755039453506,25337,1351,224906
5,[16,16,32,8,4]
0.04222593083977699,25335,1353,226772
5,[16,16,32,8,8]
0.042181216180324554,25335,1353,229224
5,[16,16,32,8,16]
0.042143821716308594,25337,1351,236498
5,[16,16,32,8,32]
0.04215554520487785,25333,1355,245406
5,[16,16,32,16,1]
0.04226202890276909,25335,1353,235113
5,[16,16,32,16,2]
0.04229661449790001,25337,1351,236676
5,[16,16,32,16,4]
0.04217413812875748,25335,1353,237993
5,[16,16,32,16,8]
0.042151886969804764,25335,1353,241039
5,[16,16,32,16,16]
0.042173657566308975,25335,1353,248497
5,[16,16,32,16,32]
0.04222705587744713,25335,1353,265211
5,[16,16,32,32,1]
0.25001028180122375,13344,13344,247177
5,[16,16,32,32,2]
0.04224308580160141,25335,1353,258774
5,[16,16,32,32,4]
0.04215845465660095,25335,1353,261693
5,[16,16,32,32,8]
0.042195919901132584,25337,1351,268680
5,[16,16,32,32,16]
0.04214750975370407,25335,1353,280018
5,[16,16,32,32,32]
0.04232979938387871,25337,1351,301732
5,[16,32,1,1,1]
0.25000306963920593,13344,13344,193583
5,[16,32,1,1,2]
0.25001177191734314,13344,13344,193541
5,[16,32,1,1,4]
0.25002506375312805,13344,13344,193582
5,[16,32,1,1,8]
0.042366448789834976,25337,1351,200090
5,[16,32,1,1,16]
0.25000885128974915,13344,13344,197828
5,[16,32,1,1,32]
0.042357463389635086,25335,1353,211405
5,[16,32,1,2,1]
0.2500196099281311,13344,13344,193628
5,[16,32,1,2,2]
0.04232640936970711,25335,1353,199429
5,[16,32,1,2,4]
0.25001224875450134,13344,13344,195535
5,[16,32,1,2,8]
0.25001880526542664,13344,13344,196124
5,[16,32,1,2,16]
0.2500121593475342,13344,13344,201057
5,[16,32,1,2,32]
0.24999983608722687,13344,13344,208307
5,[16,32,1,4,1]
0.04234546795487404,25335,1353,198333
5,[16,32,1,4,2]
0.250013142824173,13344,13344,194831
5,[16,32,1,4,4]
0.04227255657315254,25335,1353,199411
5,[16,32,1,4,8]
0.25000903010368347,13344,13344,201005
5,[16,32,1,4,16]
0.2500125765800476,13344,13344,201837
5,[16,32,1,4,32]
0.04238029569387436,25337,1351,216054
5,[16,32,1,8,1]
0.04235184192657471,25337,1351,200317
5,[16,32,1,8,2]
0.2500142753124237,13344,13344,197542
5,[16,32,1,8,4]
0.25001436471939087,13344,13344,198676
5,[16,32,1,8,8]
0.04248875379562378,25337,1351,206017
5,[16,32,1,8,16]
0.2500095069408417,13344,13344,204765
5,[16,32,1,8,32]
0.0423375628888607,25335,1353,221675
5,[16,32,1,16,1]
0.250014066696167,13344,13344,199158
5,[16,32,1,16,2]
0.2500152289867401,13344,13344,201388
5,[16,32,1,16,4]
0.04241171106696129,25337,1351,206940
5,[16,32,1,16,8]
0.25001099705696106,13344,13344,205794
5,[16,32,1,16,16]
0.2500174343585968,13344,13344,211859
5,[16,32,1,16,32]
0.042317550629377365,25335,1353,233654
5,[16,32,1,32,1]
0.25001755356788635,13344,13344,207575
5,[16,32,1,32,2]
0.04234645515680313,25335,1353,213465
5,[16,32,1,32,4]
0.250006765127182,13344,13344,211222
5,[16,32,1,32,8]
0.042408838868141174,25337,1351,221693
5,[16,32,1,32,16]
0.04237418994307518,25335,1353,232907
5,[16,32,1,32,32]
0.04233953729271889,25335,1353,255795
5,[16,32,2,1,1]
0.2500130832195282,13344,13344,195713
5,[16,32,2,1,2]
0.04233846813440323,25335,1353,200021
5,[16,32,2,1,4]
0.25001317262649536,13344,13344,197186
5,[16,32,2,1,8]
0.25001752376556396,13344,13344,191325
5,[16,32,2,1,16]
0.04233894497156143,25337,1351,188131
5,[16,32,2,1,32]
0.042254190891981125,25335,1353,195754
5,[16,32,2,2,1]
0.042369190603494644,25335,1353,183415
5,[16,32,2,2,2]
0.25001558661460876,13344,13344,180033
5,[16,32,2,2,4]
0.04232180491089821,25335,1353,185568
5,[16,32,2,2,8]
0.042171820998191833,25337,1351,187395
5,[16,32,2,2,16]
0.25000452995300293,13344,13344,189745
5,[16,32,2,2,32]
0.04227932542562485,25334,1354,198059
5,[16,32,2,4,1]
0.04247523099184036,25337,1351,203604
5,[16,32,2,4,2]
0.042267799377441406,25337,1351,203537
5,[16,32,2,4,4]
0.042337000370025635,25337,1351,203811
5,[16,32,2,4,8]
0.25001364946365356,13344,13344,210414
5,[16,32,2,4,16]
0.042255789041519165,25335,1353,218314
5,[16,32,2,4,32]
0.04242026060819626,25334,1354,226558
5,[16,32,2,8,1]
0.2500174939632416,13344,13344,208365
5,[16,32,2,8,2]
0.25001615285873413,13344,13344,211204
5,[16,32,2,8,4]
0.25001055002212524,13344,13344,215078
5,[16,32,2,8,8]
0.042180560529232025,25333,1355,217457
5,[16,32,2,8,16]
0.04233080521225929,25337,1351,223247
5,[16,32,2,8,32]
0.042273636907339096,25337,1351,232801
5,[16,32,2,16,1]
0.04230904579162598,25335,1353,215801
5,[16,32,2,16,2]
0.04236666113138199,25335,1353,220130
5,[16,32,2,16,4]
0.2500130236148834,13344,13344,218394
5,[16,32,2,16,8]
0.042363740503787994,25335,1353,223182
5,[16,32,2,16,16]
0.042187467217445374,25335,1353,229001
5,[16,32,2,16,32]
0.042232662439346313,25335,1353,243336
5,[16,32,2,32,1]
0.25001123547554016,13344,13344,218615
5,[16,32,2,32,2]
0.042427465319633484,25337,1351,223606
5,[16,32,2,32,4]
0.042183682322502136,25335,1353,228199
5,[16,32,2,32,8]
0.04221843183040619,25335,1353,233487
5,[16,32,2,32,16]
0.042180050164461136,25335,1353,244124
5,[16,32,2,32,32]
0.2500090003013611,13344,13344,254200
5,[16,32,4,1,1]
0.25001081824302673,13344,13344,207496
5,[16,32,4,1,2]
0.042417261749506,25335,1353,212405
5,[16,32,4,1,4]
0.04233190044760704,25335,1353,212942
5,[16,32,4,1,8]
0.04234619438648224,25337,1351,214597
5,[16,32,4,1,16]
0.25000622868537903,13344,13344,212179
5,[16,32,4,1,32]
0.25001177191734314,13344,13344,222632
5,[16,32,4,2,1]
0.25001460313796997,13344,13344,210596
5,[16,32,4,2,2]
0.2500142455101013,13344,13344,212289
5,[16,32,4,2,4]
0.042335301637649536,25337,1351,215553
5,[16,32,4,2,8]
0.04238564148545265,25335,1353,215583
5,[16,32,4,2,16]
0.04239094257354736,25337,1351,219749
5,[16,32,4,2,32]
0.04227053001523018,25337,1351,226591
5,[16,32,4,4,1]
0.0423603355884552,25335,1353,213586
5,[16,32,4,4,2]
0.04242320731282234,25337,1351,214367
5,[16,32,4,4,4]
0.04229716211557388,25335,1353,215461
5,[16,32,4,4,8]
0.04227988421916962,25337,1351,218025
5,[16,32,4,4,16]
0.04219871759414673,25335,1353,221546
5,[16,32,4,4,32]
0.04219989851117134,25337,1351,230396
5,[16,32,4,8,1]
0.04239509999752045,25337,1351,215299
5,[16,32,4,8,2]
0.04241052269935608,25335,1353,216962
5,[16,32,4,8,4]
0.04233960434794426,25335,1353,219740
5,[16,32,4,8,8]
0.04232371225953102,25337,1351,220342
5,[16,32,4,8,16]
0.04215705394744873,25332,1356,224422
5,[16,32,4,8,32]
0.0422000028192997,25335,1353,237605
5,[16,32,4,16,1]
0.04232820123434067,25337,1351,219363
5,[16,32,4,16,2]
0.04233018308877945,25335,1353,220718
5,[16,32,4,16,4]
0.04222669079899788,25335,1353,222816
5,[16,32,4,16,8]
0.04217471182346344,25335,1353,225538
5,[16,32,4,16,16]
0.04216155409812927,25335,1353,233190
5,[16,32,4,16,32]
0.04229331016540527,25334,1354,247325
5,[16,32,4,32,1]
0.2500181198120117,13344,13344,227780
5,[16,32,4,32,2]
0.042397528886795044,25335,1353,229271
5,[16,32,4,32,4]
0.2500137686729431,13344,13344,230580
5,[16,32,4,32,8]
0.2500150501728058,13344,13344,229096
5,[16,32,4,32,16]
0.04216868802905083,25337,1351,248893
5,[16,32,4,32,32]
0.04225538671016693,25335,1353,269941
5,[16,32,8,1,1]
0.042323775589466095,25334,1354,217171
5,[16,32,8,1,2]
0.2500067949295044,13344,13344,214760
5,[16,32,8,1,4]
0.04233575239777565,25335,1353,218055
5,[16,32,8,1,8]
0.04232564941048622,25335,1353,219082
5,[16,32,8,1,16]
0.04239962622523308,25337,1351,224521
5,[16,32,8,1,32]
0.04239845648407936,25335,1353,230207
5,[16,32,8,2,1]
0.0423608273267746,25337,1351,217251
5,[16,32,8,2,2]
0.04224765673279762,25337,1351,218784
5,[16,32,8,2,4]
0.04232146218419075,25335,1353,219233
5,[16,32,8,2,8]
0.04230497404932976,25335,1353,220640
5,[16,32,8,2,16]
0.04228561744093895,25335,1353,224883
5,[16,32,8,2,32]
0.04227061942219734,25334,1354,232927
5,[16,32,8,4,1]
0.2500147223472595,13344,13344,215201
5,[16,32,8,4,2]
0.04235345125198364,25337,1351,224143
5,[16,32,8,4,4]
0.04221845045685768,25335,1353,220853
5,[16,32,8,4,8]
0.042238373309373856,25337,1351,223474
5,[16,32,8,4,16]
0.04218586906790733,25335,1353,228318
5,[16,32,8,4,32]
0.04224427044391632,25335,1353,236876
5,[16,32,8,8,1]
0.04238428547978401,25335,1353,223092
5,[16,32,8,8,2]
0.04235096648335457,25335,1353,223570
5,[16,32,8,8,4]
0.04230555146932602,25334,1354,224934
5,[16,32,8,8,8]
0.04216007888317108,25335,1353,229311
5,[16,32,8,8,16]
0.04215186461806297,25335,1353,231758
5,[16,32,8,8,32]
0.042162638157606125,25335,1353,241393
5,[16,32,8,16,1]
0.04233483597636223,25335,1353,227657
5,[16,32,8,16,2]
0.04220670461654663,25335,1353,229554
5,[16,32,8,16,4]
0.0423089824616909,25335,1353,229370
5,[16,32,8,16,8]
0.04214243218302727,25335,1353,232925
5,[16,32,8,16,16]
0.042271364480257034,25337,1351,240914
5,[16,32,8,16,32]
0.04225238785147667,25337,1351,254992
5,[16,32,8,32,1]
0.042334094643592834,25337,1351,237227
5,[16,32,8,32,2]
0.042325589805841446,25335,1353,239133
5,[16,32,8,32,4]
0.042361754924058914,25337,1351,242211
5,[16,32,8,32,8]
0.042207133024930954,25335,1353,246920
5,[16,32,8,32,16]
0.04213699325919151,25337,1351,256761
5,[16,32,8,32,32]
0.042141467332839966,25333,1355,279771
5,[16,32,16,1,1]
0.25001171231269836,13344,13344,222802
5,[16,32,16,1,2]
0.04244872182607651,25334,1354,228818
5,[16,32,16,1,4]
0.2500097155570984,13344,13344,226967
5,[16,32,16,1,8]
0.04246605187654495,25337,1351,230467
5,[16,32,16,1,16]
0.2500184178352356,13344,13344,226837
5,[16,32,16,1,32]
0.2500040829181671,13344,13344,239618
5,[16,32,16,2,1]
0.042323339730501175,25335,1353,229838
5,[16,32,16,2,2]
0.042384978383779526,25335,1353,231470
5,[16,32,16,2,4]
0.042168378829956055,25335,1353,231402
5,[16,32,16,2,8]
0.042304061353206635,25335,1353,232611
5,[16,32,16,2,16]
0.04237617179751396,25337,1351,235794
5,[16,32,16,2,32]
0.0422208234667778,25335,1353,244366
5,[16,32,16,4,1]
0.2500135004520416,13344,13344,225380
5,[16,32,16,4,2]
0.04245612397789955,25337,1351,231324
5,[16,32,16,4,4]
0.04235455021262169,25337,1351,232239
5,[16,32,16,4,8]
0.04235858470201492,25337,1351,235332
5,[16,32,16,4,16]
0.042286477982997894,25337,1351,237933
5,[16,32,16,4,32]
0.04216323047876358,25335,1353,225980
5,[16,32,16,8,1]
0.25001347064971924,13344,13344,212189
5,[16,32,16,8,2]
0.04235568270087242,25335,1353,200079
5,[16,32,16,8,4]
0.04218888282775879,25337,1351,199112
5,[16,32,16,8,8]
0.04221468046307564,25335,1353,200279
5,[16,32,16,8,16]
0.042173877358436584,25335,1353,204134
5,[16,32,16,8,32]
0.04226548969745636,25335,1353,213290
5,[16,32,16,16,1]
0.25001221895217896,13344,13344,196493
5,[16,32,16,16,2]
0.042325831949710846,25335,1353,204281
5,[16,32,16,16,4]
0.042199622839689255,25335,1353,205314
5,[16,32,16,16,8]
0.042199231684207916,25333,1355,208315
5,[16,32,16,16,16]
0.042185280472040176,25335,1353,213882
5,[16,32,16,16,32]
0.04214414209127426,25333,1355,216431
5,[16,32,16,32,1]
0.04227091744542122,25335,1353,196482
5,[16,32,16,32,2]
0.04215283319354057,25333,1355,197818
5,[16,32,16,32,4]
0.04215643182396889,25335,1353,200591
5,[16,32,16,32,8]
0.04218750074505806,25335,1353,204939
5,[16,32,16,32,16]
0.042162951081991196,25333,1355,211966
5,[16,32,16,32,32]
0.04215182363986969,25335,1353,230061
5,[16,32,32,1,1]
0.2500132918357849,13344,13344,219837
5,[16,32,32,1,2]
0.04226640611886978,25335,1353,212348
5,[16,32,32,1,4]
0.25001785159111023,13344,13344,202272
5,[16,32,32,1,8]
0.042433999478816986,25335,1353,196104
5,[16,32,32,1,16]
0.250018835067749,13344,13344,189582
5,[16,32,32,1,32]
0.04239162430167198,25337,1351,200960
5,[16,32,32,2,1]
0.25001615285873413,13344,13344,185415
5,[16,32,32,2,2]
0.042405396699905396,25335,1353,186997
5,[16,32,32,2,4]
0.04236583039164543,25335,1353,186678
5,[16,32,32,2,8]
0.04223069176077843,25337,1351,187837
5,[16,32,32,2,16]
0.2500061094760895,13344,13344,190650
5,[16,32,32,2,32]
0.04222321882843971,25337,1351,196387
5,[16,32,32,4,1]
0.042280908674001694,25335,1353,188556
5,[16,32,32,4,2]
0.04225143417716026,25335,1353,188427
5,[16,32,32,4,4]
0.042200855910778046,25335,1353,189510
5,[16,32,32,4,8]
0.0421910397708416,25337,1351,190665
5,[16,32,32,4,16]
0.04217483103275299,25337,1351,193201
5,[16,32,32,4,32]
0.04216865077614784,25335,1353,208940
5,[16,32,32,8,1]
0.2500159442424774,13344,13344,192673
5,[16,32,32,8,2]
0.0422867052257061,25337,1351,199971
5,[16,32,32,8,4]
0.04223807156085968,25335,1353,201176
5,[16,32,32,8,8]
0.04218683019280434,25337,1351,201347
5,[16,32,32,8,16]
0.042181018739938736,25335,1353,206436
5,[16,32,32,8,32]
0.042140111327171326,25335,1353,214439
5,[16,32,32,16,1]
0.04227195307612419,25337,1351,207270
5,[16,32,32,16,2]
0.042383190244436264,25337,1351,209134
5,[16,32,32,16,4]
0.042153213173151016,25335,1353,209551
5,[16,32,32,16,8]
0.04223913326859474,25337,1351,212315
5,[16,32,32,16,16]
0.04221213981509209,25333,1355,218171
5,[16,32,32,16,32]
0.04219471290707588,25337,1351,228537
5,[16,32,32,32,1]
0.04234683886170387,25335,1353,224031
5,[16,32,32,32,2]
0.25000903010368347,13344,13344,218319
5,[16,32,32,32,4]
0.042293768376111984,25337,1351,228042
5,[16,32,32,32,8]
0.04212668910622597,25335,1353,230874
5,[16,32,32,32,16]
0.042235247790813446,25337,1351,241175
5,[16,32,32,32,32]
0.04216667264699936,25335,1353,256827
