5,[2,1,1,1,1]
0.2500216066837311,13344,13344,105506
5,[2,1,1,1,2]
0.250013142824173,13344,13344,118037
5,[2,1,1,1,4]
0.2500153183937073,13344,13344,116393
5,[2,1,1,1,8]
0.2500053346157074,13344,13344,132555
5,[2,1,1,1,16]
0.250005304813385,13344,13344,111997
5,[2,1,1,1,32]
0.2500038743019104,13344,13344,114998
5,[2,1,1,2,1]
0.25001707673072815,13344,13344,125972
5,[2,1,1,2,2]
0.250019371509552,13344,13344,124474
5,[2,1,1,2,4]
0.2500096559524536,13344,13344,126814
5,[2,1,1,2,8]
0.2500115931034088,13344,13344,131488
5,[2,1,1,2,16]
0.2500162422657013,13344,13344,137465
5,[2,1,1,2,32]
0.2500123977661133,13344,13344,144472
5,[2,1,1,4,1]
0.2500189244747162,13344,13344,131637
5,[2,1,1,4,2]
0.2500194013118744,13344,13344,133515
5,[2,1,1,4,4]
0.25000959634780884,13344,13344,134419
5,[2,1,1,4,8]
0.2499997913837433,13344,13344,138300
5,[2,1,1,4,16]
0.2500162720680237,13344,13344,144486
5,[2,1,1,4,32]
0.042441628873348236,25336,1352,153901
5,[2,1,1,8,1]
0.2500075101852417,13344,13344,136386
5,[2,1,1,8,2]
0.2500075697898865,13344,13344,137476
5,[2,1,1,8,4]
0.04246564209461212,25337,1351,141904
5,[2,1,1,8,8]
0.04251557216048241,25336,1352,144133
5,[2,1,1,8,16]
0.2500208616256714,13344,13344,146580
5,[2,1,1,8,32]
0.042495694011449814,25333,1355,163875
5,[2,1,1,16,1]
0.08799067884683609,24018,2670,130683
5,[2,1,1,16,2]
0.2500159442424774,13344,13344,129824
5,[2,1,1,16,4]
0.25000783801078796,13344,13344,128543
5,[2,1,1,16,8]
0.04235265403985977,25335,1353,135454
5,[2,1,1,16,16]
0.042508773505687714,25336,1352,144159
5,[2,1,1,16,32]
0.2500149607658386,13344,13344,157514
5,[2,1,1,32,1]
0.25001734495162964,13344,13344,138652
5,[2,1,1,32,2]
0.2500123679637909,13344,13344,140668
5,[2,1,1,32,4]
0.2500181496143341,13344,13344,144445
5,[2,1,1,32,8]
0.2500130832195282,13344,13344,150157
5,[2,1,1,32,16]
0.25001755356788635,13344,13344,159992
5,[2,1,1,32,32]
0.25001391768455505,13344,13344,181086
5,[2,1,2,1,1]
0.2500128746032715,13344,13344,127074
5,[2,1,2,1,2]
0.25000277161598206,13344,13344,128545
5,[2,1,2,1,4]
0.2500094473361969,13344,13344,127830
5,[2,1,2,1,8]
0.2500125765800476,13344,13344,130079
5,[2,1,2,1,16]
0.25000298023223877,13344,13344,130193
5,[2,1,2,1,32]
0.04262629896402359,25336,1352,140654
5,[2,1,2,2,1]
0.2500177025794983,13344,13344,126812
5,[2,1,2,2,2]
0.25000816583633423,13344,13344,127335
5,[2,1,2,2,4]
0.2500148415565491,13344,13344,127937
5,[2,1,2,2,8]
0.042444370687007904,25336,1352,132589
5,[2,1,2,2,16]
0.2500072121620178,13344,13344,135082
5,[2,1,2,2,32]
0.2500181198120117,13344,13344,143234
5,[2,1,2,4,1]
0.25000637769699097,13344,13344,136278
5,[2,1,2,4,2]
0.042443327605724335,25337,1351,140669
5,[2,1,2,4,4]
0.25001898407936096,13344,13344,138012
5,[2,1,2,4,8]
0.25000759959220886,13344,13344,140435
5,[2,1,2,4,16]
0.0425073467195034,25336,1352,135019
5,[2,1,2,4,32]
0.2500196695327759,13344,13344,140181
5,[2,1,2,8,1]
0.250014990568161,13344,13344,136630
5,[2,1,2,8,2]
0.042531538754701614,25336,1352,137039
5,[2,1,2,8,4]
0.04247640445828438,25336,1352,139036
5,[2,1,2,8,8]
0.2500153183937073,13344,13344,141597
5,[2,1,2,8,16]
0.25001683831214905,13344,13344,145462
5,[2,1,2,8,32]
0.04251139611005783,25336,1352,158398
5,[2,1,2,16,1]
0.2500095069408417,13344,13344,142163
5,[2,1,2,16,2]
0.042331937700510025,25337,1351,140928
5,[2,1,2,16,4]
0.25001096725463867,13344,13344,142222
5,[2,1,2,16,8]
0.042478129267692566,25336,1352,148392
5,[2,1,2,16,16]
0.07025633007287979,24506,2182,156776
5,[2,1,2,16,32]
0.06849750876426697,24581,2107,173688
5,[2,1,2,32,1]
0.25001129508018494,13344,13344,147296
5,[2,1,2,32,2]
0.250013142824173,13344,13344,149966
5,[2,1,2,32,4]
0.04247581586241722,25336,1352,155532
5,[2,1,2,32,8]
0.24228182435035706,14148,12540,159799
5,[2,1,2,32,16]
0.042317140847444534,25335,1353,172817
5,[2,1,2,32,32]
0.04249062389135361,25336,1352,196963
5,[2,1,4,1,1]
0.25001490116119385,13344,13344,133221
5,[2,1,4,1,2]
0.25001636147499084,13344,13344,136487
5,[2,1,4,1,4]
0.2500127851963043,13344,13344,133268
5,[2,1,4,1,8]
0.250015527009964,13344,13344,135436
5,[2,1,4,1,16]
0.250015527009964,13344,13344,137718
5,[2,1,4,1,32]
0.250011682510376,13344,13344,146678
5,[2,1,4,2,1]
0.25001242756843567,13344,13344,132762
5,[2,1,4,2,2]
0.25001904368400574,13344,13344,133298
5,[2,1,4,2,4]
0.25001126527786255,13344,13344,135443
5,[2,1,4,2,8]
0.25000208616256714,13344,13344,152141
5,[2,1,4,2,16]
0.04250221326947212,25336,1352,158395
5,[2,1,4,2,32]
0.2500123977661133,13344,13344,165817
5,[2,1,4,4,1]
0.2500091791152954,13344,13344,151263
5,[2,1,4,4,2]
0.250017374753952,13344,13344,151585
5,[2,1,4,4,4]
0.04252970591187477,25336,1352,153178
5,[2,1,4,4,8]
0.04256094992160797,25336,1352,155769
5,[2,1,4,4,16]
0.25001972913742065,13344,13344,160573
5,[2,1,4,4,32]
0.042462803423404694,25336,1352,169310
5,[2,1,4,8,1]
0.2500093877315521,13344,13344,152853
5,[2,1,4,8,2]
0.22884111106395721,15591,11097,153838
5,[2,1,4,8,4]
0.2500114142894745,13344,13344,155104
5,[2,1,4,8,8]
0.04242837056517601,25337,1351,158830
5,[2,1,4,8,16]
0.2500123679637909,13344,13344,165204
5,[2,1,4,8,32]
0.2500133514404297,13344,13344,174613
5,[2,1,4,16,1]
0.25001469254493713,13344,13344,159173
5,[2,1,4,16,2]
0.25001204013824463,13344,13344,159332
5,[2,1,4,16,4]
0.04244203492999077,25337,1351,164906
5,[2,1,4,16,8]
0.2500162124633789,13344,13344,164385
5,[2,1,4,16,16]
0.042327575385570526,25337,1351,175309
5,[2,1,4,16,32]
0.2500127851963043,13344,13344,185862
5,[2,1,4,32,1]
0.04245951399207115,25337,1351,169882
5,[2,1,4,32,2]
0.042485080659389496,25336,1352,167689
5,[2,1,4,32,4]
0.2500092089176178,13344,13344,168302
5,[2,1,4,32,8]
0.04248540475964546,25336,1352,173219
5,[2,1,4,32,16]
0.042424291372299194,25336,1352,180419
5,[2,1,4,32,32]
0.25001245737075806,13344,13344,194030
5,[2,1,8,1,1]
0.250016450881958,13344,13344,134822
5,[2,1,8,1,2]
0.25001245737075806,13344,13344,134545
5,[2,1,8,1,4]
0.25001513957977295,13344,13344,136843
5,[2,1,8,1,8]
0.0424841083586216,25336,1352,140010
5,[2,1,8,1,16]
0.2500127851963043,13344,13344,140759
5,[2,1,8,1,32]
0.25001606345176697,13344,13344,149771
5,[2,1,8,2,1]
0.25000226497650146,13344,13344,137940
5,[2,1,8,2,2]
0.2500149607658386,13344,13344,136671
5,[2,1,8,2,4]
0.07028944045305252,24506,2182,139131
5,[2,1,8,2,8]
0.250017374753952,13344,13344,139699
5,[2,1,8,2,16]
0.04256558045744896,25336,1352,146793
5,[2,1,8,2,32]
0.2500123083591461,13344,13344,151927
5,[2,1,8,4,1]
0.04253419488668442,25336,1352,141773
5,[2,1,8,4,2]
0.25001463294029236,13344,13344,140679
5,[2,1,8,4,4]
0.04258409142494202,25336,1352,148103
5,[2,1,8,4,8]
0.04243266582489014,25337,1351,150444
5,[2,1,8,4,16]
0.042542096227407455,25336,1352,154673
5,[2,1,8,4,32]
0.25001126527786255,13344,13344,160644
5,[2,1,8,8,1]
0.25001636147499084,13344,13344,147131
5,[2,1,8,8,2]
0.0426039844751358,25336,1352,150674
5,[2,1,8,8,4]
0.04243650659918785,25336,1352,152362
5,[2,1,8,8,8]
0.2500160336494446,13344,13344,152821
5,[2,1,8,8,16]
0.04245832562446594,25336,1352,161172
5,[2,1,8,8,32]
0.2500133514404297,13344,13344,167759
5,[2,1,8,16,1]
0.04250715672969818,25336,1352,154856
5,[2,1,8,16,2]
0.2500154674053192,13344,13344,154679
5,[2,1,8,16,4]
0.2500109374523163,13344,13344,156471
5,[2,1,8,16,8]
0.25001609325408936,13344,13344,160426
5,[2,1,8,16,16]
0.04245376959443092,25336,1352,171432
5,[2,1,8,16,32]
0.2500149607658386,13344,13344,181538
5,[2,1,8,32,1]
0.04255381226539612,25336,1352,168249
5,[2,1,8,32,2]
0.25001537799835205,13344,13344,165994
5,[2,1,8,32,4]
0.25001394748687744,13344,13344,167759
5,[2,1,8,32,8]
0.042616717517375946,25336,1352,178903
5,[2,1,8,32,16]
0.04249761253595352,25336,1352,191545
5,[2,1,8,32,32]
0.042399369180202484,25337,1351,216421
5,[2,1,16,1,1]
0.2500161826610565,13344,13344,146304
5,[2,1,16,1,2]
0.04247979074716568,25336,1352,148709
5,[2,1,16,1,4]
0.2500104308128357,13344,13344,147022
5,[2,1,16,1,8]
0.25001266598701477,13344,13344,148189
5,[2,1,16,1,16]
0.2500166893005371,13344,13344,152467
5,[2,1,16,1,32]
0.2500176429748535,13344,13344,160674
5,[2,1,16,2,1]
0.25001055002212524,13344,13344,148525
5,[2,1,16,2,2]
0.042450807988643646,25337,1351,151346
5,[2,1,16,2,4]
0.2500166594982147,13344,13344,149257
5,[2,1,16,2,8]
0.04248359799385071,25336,1352,154247
5,[2,1,16,2,16]
0.2500084638595581,13344,13344,154694
5,[2,1,16,2,32]
0.25001052021980286,13344,13344,163839
5,[2,1,16,4,1]
0.04231293499469757,25337,1351,152034
5,[2,1,16,4,2]
0.25001001358032227,13344,13344,151068
5,[2,1,16,4,4]
0.04245687648653984,25337,1351,153801
5,[2,1,16,4,8]
0.042508263140916824,25336,1352,156160
5,[2,1,16,4,16]
0.04248815029859543,25336,1352,162608
5,[2,1,16,4,32]
0.04246798902750015,25337,1351,171812
5,[2,1,16,8,1]
0.042558930814266205,25337,1351,156439
5,[2,1,16,8,2]
0.042514462023973465,25336,1352,156473
5,[2,1,16,8,4]
0.04241768643260002,25337,1351,159571
5,[2,1,16,8,8]
0.0425172783434391,25336,1352,162549
5,[2,1,16,8,16]
0.042469851672649384,25337,1351,169967
5,[2,1,16,8,32]
0.04242165386676788,25337,1351,174571
5,[2,1,16,16,1]
0.2500148415565491,13344,13344,149217
5,[2,1,16,16,2]
0.07025889307260513,24506,2182,153743
5,[2,1,16,16,4]
0.04250055178999901,25336,1352,156227
5,[2,1,16,16,8]
0.04240119457244873,25336,1352,158878
5,[2,1,16,16,16]
0.25000640749931335,13344,13344,161153
5,[2,1,16,16,32]
0.04507925733923912,25281,1407,181629
5,[2,1,16,32,1]
0.2500190734863281,13344,13344,160979
5,[2,1,16,32,2]
0.25001436471939087,13344,13344,162015
5,[2,1,16,32,4]
0.2500043213367462,13344,13344,165374
5,[2,1,16,32,8]
0.042434822767972946,25336,1352,175385
5,[2,1,16,32,16]
0.04243175685405731,25337,1351,188159
5,[2,1,16,32,32]
0.04243960231542587,25337,1351,210780
5,[2,1,32,1,1]
0.25001260638237,13344,13344,143349
5,[2,1,32,1,2]
0.25001516938209534,13344,13344,143953
5,[2,1,32,1,4]
0.04249950125813484,25336,1352,146068
5,[2,1,32,1,8]
0.25001445412635803,13344,13344,146598
5,[2,1,32,1,16]
0.2500073313713074,13344,13344,146907
5,[2,1,32,1,32]
0.2500148415565491,13344,13344,154688
5,[2,1,32,2,1]
0.2500077188014984,13344,13344,145122
5,[2,1,32,2,2]
0.04249892756342888,25336,1352,148468
5,[2,1,32,2,4]
0.04254259541630745,25336,1352,164958
5,[2,1,32,2,8]
0.2500103712081909,13344,13344,164554
5,[2,1,32,2,16]
0.2500157952308655,13344,13344,167991
5,[2,1,32,2,32]
0.04238855093717575,25335,1353,177885
5,[2,1,32,4,1]
0.2500062584877014,13344,13344,164829
5,[2,1,32,4,2]
0.2500147223472595,13344,13344,164654
5,[2,1,32,4,4]
0.25001561641693115,13344,13344,163958
5,[2,1,32,4,8]
0.04260526970028877,25336,1352,170315
5,[2,1,32,4,16]
0.04251246899366379,25336,1352,174354
5,[2,1,32,4,32]
0.04241284355521202,25337,1351,183061
5,[2,1,32,8,1]
0.2500125467777252,13344,13344,166600
5,[2,1,32,8,2]
0.0425792820751667,25333,1355,172611
5,[2,1,32,8,4]
0.2500179409980774,13344,13344,170251
5,[2,1,32,8,8]
0.25000590085983276,13344,13344,171506
5,[2,1,32,8,16]
0.04463259130716324,25307,1381,181417
5,[2,1,32,8,32]
0.04236721619963646,25334,1354,191894
5,[2,1,32,16,1]
0.25001469254493713,13344,13344,176613
5,[2,1,32,16,2]
0.2500159740447998,13344,13344,179978
5,[2,1,32,16,4]
0.2500160038471222,13344,13344,185660
5,[2,1,32,16,8]
0.04460349678993225,25307,1381,191483
5,[2,1,32,16,16]
0.2500109076499939,13344,13344,196323
5,[2,1,32,16,32]
0.25001421570777893,13344,13344,204536
5,[2,1,32,32,1]
0.25001615285873413,13344,13344,203963
5,[2,1,32,32,2]
0.0426156185567379,25337,1351,207004
5,[2,1,32,32,4]
0.2500145137310028,13344,13344,201791
5,[2,1,32,32,8]
0.04254092648625374,25337,1351,212562
5,[2,1,32,32,16]
0.0423162579536438,25335,1353,227483
5,[2,1,32,32,32]
0.07018624246120453,24506,2182,240078
5,[2,2,1,1,1]
0.25001832842826843,13344,13344,135206
5,[2,2,1,1,2]
0.25001588463783264,13344,13344,135945
5,[2,2,1,1,4]
0.042495857924222946,25336,1352,137437
5,[2,2,1,1,8]
0.2500157952308655,13344,13344,138876
5,[2,2,1,1,16]
0.25000667572021484,13344,13344,141496
5,[2,2,1,1,32]
0.25000467896461487,13344,13344,148131
5,[2,2,1,2,1]
0.25001195073127747,13344,13344,137042
5,[2,2,1,2,2]
0.2500133514404297,13344,13344,138492
5,[2,2,1,2,4]
0.042487069964408875,25336,1352,140437
5,[2,2,1,2,8]
0.25001269578933716,13344,13344,141005
5,[2,2,1,2,16]
0.250020295381546,13344,13344,145300
5,[2,2,1,2,32]
0.2500128149986267,13344,13344,152455
5,[2,2,1,4,1]
0.0424049086868763,25337,1351,139908
5,[2,2,1,4,2]
0.042451612651348114,25336,1352,140264
5,[2,2,1,4,4]
0.04245933145284653,25336,1352,142182
5,[2,2,1,4,8]
0.2500135004520416,13344,13344,143683
5,[2,2,1,4,16]
0.25001806020736694,13344,13344,147679
5,[2,2,1,4,32]
0.042478252202272415,25336,1352,158606
5,[2,2,1,8,1]
0.25000885128974915,13344,13344,141985
5,[2,2,1,8,2]
0.2500198185443878,13344,13344,142886
5,[2,2,1,8,4]
0.25001734495162964,13344,13344,145334
5,[2,2,1,8,8]
0.042492516338825226,25336,1352,148764
5,[2,2,1,8,16]
0.2500084638595581,13344,13344,151206
5,[2,2,1,8,32]
0.2500075399875641,13344,13344,161023
5,[2,2,1,16,1]
0.2500121295452118,13344,13344,144892
5,[2,2,1,16,2]
0.04246906563639641,25336,1352,147747
5,[2,2,1,16,4]
0.042445097118616104,25336,1352,150113
5,[2,2,1,16,8]
0.25000929832458496,13344,13344,151231
5,[2,2,1,16,16]
0.25000739097595215,13344,13344,157932
5,[2,2,1,16,32]
0.07030298560857773,24506,2182,175518
5,[2,2,1,32,1]
0.25000685453414917,13344,13344,152055
5,[2,2,1,32,2]
0.2500152587890625,13344,13344,153175
5,[2,2,1,32,4]
0.04252010956406593,25336,1352,159193
5,[2,2,1,32,8]
0.04251575842499733,25336,1352,164924
5,[2,2,1,32,16]
0.2500121593475342,13344,13344,171970
5,[2,2,1,32,32]
0.043133560568094254,25335,1353,199080
5,[2,2,2,1,1]
0.25000473856925964,13344,13344,142167
5,[2,2,2,1,2]
0.2500044107437134,13344,13344,142468
5,[2,2,2,1,4]
0.2500056326389313,13344,13344,142527
5,[2,2,2,1,8]
0.2500174343585968,13344,13344,144366
5,[2,2,2,1,16]
0.042535122483968735,25336,1352,149007
5,[2,2,2,1,32]
0.04247966781258583,25336,1352,158027
5,[2,2,2,2,1]
0.25001487135887146,13344,13344,143728
5,[2,2,2,2,2]
0.250016450881958,13344,13344,143569
5,[2,2,2,2,4]
0.04248113930225372,25336,1352,144633
5,[2,2,2,2,8]
0.042441654950380325,25336,1352,147404
5,[2,2,2,2,16]
0.2500031292438507,13344,13344,149667
5,[2,2,2,2,32]
0.24999350309371948,13344,13344,155492
5,[2,2,2,4,1]
0.2500186860561371,13344,13344,143266
5,[2,2,2,4,2]
0.25001588463783264,13344,13344,143842
5,[2,2,2,4,4]
0.042437516152858734,25336,1352,155258
5,[2,2,2,4,8]
0.043803516775369644,25289,1399,158185
5,[2,2,2,4,16]
0.042464323341846466,25333,1355,162282
5,[2,2,2,4,32]
0.04249482601881027,25336,1352,170927
5,[2,2,2,8,1]
0.2500167489051819,13344,13344,152603
5,[2,2,2,8,2]
0.250018447637558,13344,13344,155263
5,[2,2,2,8,4]
0.04245895892381668,25336,1352,157435
5,[2,2,2,8,8]
0.04243524372577667,25336,1352,159684
5,[2,2,2,8,16]
0.04236394166946411,25337,1351,164635
5,[2,2,2,8,32]
0.25001394748687744,13344,13344,171680
5,[2,2,2,16,1]
0.2500127851963043,13344,13344,157597
5,[2,2,2,16,2]
0.2500108778476715,13344,13344,157400
5,[2,2,2,16,4]
0.06928649544715881,24552,2136,160313
5,[2,2,2,16,8]
0.2500154972076416,13344,13344,162153
5,[2,2,2,16,16]
0.04251210764050484,25336,1352,171522
5,[2,2,2,16,32]
0.042554255574941635,25336,1352,187518
5,[2,2,2,32,1]
0.2500103712081909,13344,13344,164443
5,[2,2,2,32,2]
0.2500128746032715,13344,13344,165099
5,[2,2,2,32,4]
0.2500145137310028,13344,13344,166649
5,[2,2,2,32,8]
0.04252548888325691,25336,1352,175039
5,[2,2,2,32,16]
0.0424896776676178,25336,1352,190616
5,[2,2,2,32,32]
0.04240783303976059,25337,1351,215323
5,[2,2,4,1,1]
0.2500189244747162,13344,13344,156847
5,[2,2,4,1,2]
0.2500118911266327,13344,13344,157100
5,[2,2,4,1,4]
0.042547497898340225,25336,1352,157848
5,[2,2,4,1,8]
0.2500201463699341,13344,13344,157440
5,[2,2,4,1,16]
0.25000712275505066,13344,13344,162008
5,[2,2,4,1,32]
0.042562246322631836,25336,1352,170945
5,[2,2,4,2,1]
0.2500103712081909,13344,13344,156410
5,[2,2,4,2,2]
0.2500174939632416,13344,13344,156637
5,[2,2,4,2,4]
0.25001785159111023,13344,13344,157249
5,[2,2,4,2,8]
0.2500130832195282,13344,13344,158730
5,[2,2,4,2,16]
0.25001469254493713,13344,13344,162347
5,[2,2,4,2,32]
0.042488060891628265,25336,1352,172250
5,[2,2,4,4,1]
0.2500120997428894,13344,13344,158027
5,[2,2,4,4,2]
0.2500144839286804,13344,13344,157978
5,[2,2,4,4,4]
0.042475055903196335,25336,1352,159236
5,[2,2,4,4,8]
0.22859156131744385,15639,11049,160845
5,[2,2,4,4,16]
0.04247601330280304,25336,1352,166401
5,[2,2,4,4,32]
0.042578790336847305,25334,1354,175044
5,[2,2,4,8,1]
0.25001469254493713,13344,13344,160025
5,[2,2,4,8,2]
0.25001704692840576,13344,13344,160362
5,[2,2,4,8,4]
0.2500135600566864,13344,13344,163116
5,[2,2,4,8,8]
0.04252362623810768,25337,1351,166285
5,[2,2,4,8,16]
0.2500157058238983,13344,13344,166833
5,[2,2,4,8,32]
0.04238450899720192,25337,1351,181007
5,[2,2,4,16,1]
0.2500101327896118,13344,13344,162982
5,[2,2,4,16,2]
0.04249577224254608,25336,1352,166347
5,[2,2,4,16,4]
0.042476966977119446,25334,1354,168180
5,[2,2,4,16,8]
0.042383160442113876,25337,1351,171105
5,[2,2,4,16,16]
0.044571176171302795,25285,1403,178913
5,[2,2,4,16,32]
0.04240764304995537,25337,1351,192905
5,[2,2,4,32,1]
0.2500130832195282,13344,13344,171519
5,[2,2,4,32,2]
0.2500159740447998,13344,13344,171461
5,[2,2,4,32,4]
0.04231641814112663,25337,1351,176073
5,[2,2,4,32,8]
0.04251520335674286,25336,1352,182940
5,[2,2,4,32,16]
0.22886215150356293,15588,11100,193818
5,[2,2,4,32,32]
0.04252820461988449,25336,1352,215210
5,[2,2,8,1,1]
0.25001609325408936,13344,13344,157075
5,[2,2,8,1,2]
0.25001463294029236,13344,13344,156886
5,[2,2,8,1,4]
0.2500162422657013,13344,13344,158686
5,[2,2,8,1,8]
0.2500115633010864,13344,13344,158048
5,[2,2,8,1,16]
0.2500142753124237,13344,13344,161853
5,[2,2,8,1,32]
0.25000518560409546,13344,13344,169484
5,[2,2,8,2,1]
0.04253663495182991,25336,1352,158795
5,[2,2,8,2,2]
0.04240541532635689,25337,1351,159317
5,[2,2,8,2,4]
0.25001657009124756,13344,13344,158427
5,[2,2,8,2,8]
0.04264920577406883,25334,1354,161586
5,[2,2,8,2,16]
0.04245844483375549,25336,1352,165589
5,[2,2,8,2,32]
0.04258561134338379,25336,1352,178873
5,[2,2,8,4,1]
0.25001609325408936,13344,13344,166076
5,[2,2,8,4,2]
0.04251985624432564,25336,1352,167412
5,[2,2,8,4,4]
0.0425109937787056,25336,1352,167920
5,[2,2,8,4,8]
0.2500099539756775,13344,13344,168692
5,[2,2,8,4,16]
0.25001147389411926,13344,13344,171911
5,[2,2,8,4,32]
0.2286035418510437,15639,11049,182538
5,[2,2,8,8,1]
0.2500130534172058,13344,13344,168081
5,[2,2,8,8,2]
0.25001776218414307,13344,13344,168348
5,[2,2,8,8,4]
0.04238865152001381,25337,1351,171749
5,[2,2,8,8,8]
0.04248392581939697,25336,1352,173978
5,[2,2,8,8,16]
0.04251965135335922,25336,1352,178143
5,[2,2,8,8,32]
0.250011682510376,13344,13344,185164
5,[2,2,8,16,1]
0.25001493096351624,13344,13344,171881
5,[2,2,8,16,2]
0.25001248717308044,13344,13344,172795
5,[2,2,8,16,4]
0.04247071221470833,25336,1352,177012
5,[2,2,8,16,8]
0.04245169833302498,25336,1352,181474
5,[2,2,8,16,16]
0.042336221784353256,25337,1351,187975
5,[2,2,8,16,32]
0.07037441432476044,24506,2182,202038
5,[2,2,8,32,1]
0.2500127851963043,13344,13344,182057
5,[2,2,8,32,2]
0.2500193119049072,13344,13344,184836
5,[2,2,8,32,4]
0.042430490255355835,25337,1351,188214
5,[2,2,8,32,8]
0.04231288284063339,25335,1353,194386
5,[2,2,8,32,16]
0.042367711663246155,25337,1351,205931
5,[2,2,8,32,32]
0.04246823117136955,25337,1351,228486
5,[2,2,16,1,1]
0.04246371239423752,25336,1352,168212
5,[2,2,16,1,2]
0.25002357363700867,13344,13344,167454
5,[2,2,16,1,4]
0.2500041425228119,13344,13344,167078
5,[2,2,16,1,8]
0.25001615285873413,13344,13344,169221
5,[2,2,16,1,16]
0.25001251697540283,13344,13344,170757
5,[2,2,16,1,32]
0.042527008801698685,25337,1351,184775
5,[2,2,16,2,1]
0.25001537799835205,13344,13344,169151
5,[2,2,16,2,2]
0.25000157952308655,13344,13344,167930
5,[2,2,16,2,4]
0.2500120997428894,13344,13344,169353
5,[2,2,16,2,8]
0.2500115931034088,13344,13344,172389
5,[2,2,16,2,16]
0.042481761425733566,25336,1352,176782
5,[2,2,16,2,32]
0.250015527009964,13344,13344,181433
5,[2,2,16,4,1]
0.25002261996269226,13344,13344,170619
5,[2,2,16,4,2]
0.2500065565109253,13344,13344,171317
5,[2,2,16,4,4]
0.04250539466738701,25336,1352,172946
5,[2,2,16,4,8]
0.2500132918357849,13344,13344,173871
5,[2,2,16,4,16]
0.04473712295293808,25286,1402,179524
5,[2,2,16,4,32]
0.06964362412691116,24534,2154,187737
5,[2,2,16,8,1]
0.2500208616256714,13344,13344,173045
5,[2,2,16,8,2]
0.2500160336494446,13344,13344,173356
5,[2,2,16,8,4]
0.04233652353286743,25335,1353,176865
5,[2,2,16,8,8]
0.04272161051630974,25336,1352,179705
5,[2,2,16,8,16]
0.04247741028666496,25336,1352,185197
5,[2,2,16,8,32]
0.04244299232959747,25336,1352,194958
5,[2,2,16,16,1]
0.04252020642161369,25336,1352,181418
5,[2,2,16,16,2]
0.22859503328800201,15639,11049,182770
5,[2,2,16,16,4]
0.25001633167266846,13344,13344,181336
5,[2,2,16,16,8]
0.042327526956796646,25337,1351,189161
5,[2,2,16,16,16]
0.044177841395139694,25287,1401,195778
5,[2,2,16,16,32]
0.25001266598701477,13344,13344,203197
5,[2,2,16,32,1]
0.042538534849882126,25336,1352,196945
5,[2,2,16,32,2]
0.25000837445259094,13344,13344,191837
5,[2,2,16,32,4]
0.2500191032886505,13344,13344,198926
5,[2,2,16,32,8]
0.0424293614923954,25337,1351,206152
5,[2,2,16,32,16]
0.04247792810201645,25336,1352,217761
5,[2,2,16,32,32]
0.04237212613224983,25333,1355,240662
5,[2,2,32,1,1]
0.25001847743988037,13344,13344,173328
5,[2,2,32,1,2]
0.04246322065591812,25337,1351,176000
5,[2,2,32,1,4]
0.04255802556872368,25336,1352,176779
5,[2,2,32,1,8]
0.2500033974647522,13344,13344,176358
5,[2,2,32,1,16]
0.2500101327896118,13344,13344,178222
5,[2,2,32,1,32]
0.25000929832458496,13344,13344,185166
5,[2,2,32,2,1]
0.250015527009964,13344,13344,175807
5,[2,2,32,2,2]
0.04248179495334625,25336,1352,177459
5,[2,2,32,2,4]
0.25000473856925964,13344,13344,176986
5,[2,2,32,2,8]
0.04258812218904495,25336,1352,180266
5,[2,2,32,2,16]
0.04235956445336342,25337,1351,185351
5,[2,2,32,2,32]
0.2500135898590088,13344,13344,191111
5,[2,2,32,4,1]
0.2500106692314148,13344,13344,177911
5,[2,2,32,4,2]
0.04246924817562103,25336,1352,180710
5,[2,2,32,4,4]
0.25001591444015503,13344,13344,180904
5,[2,2,32,4,8]
0.25001260638237,13344,13344,180624
5,[2,2,32,4,16]
0.04227738827466965,25337,1351,186384
5,[2,2,32,4,32]
0.22861549258232117,15639,11049,196320
5,[2,2,32,8,1]
0.2500024139881134,13344,13344,182217
5,[2,2,32,8,2]
0.042514119297266006,25336,1352,186524
5,[2,2,32,8,4]
0.042460326105356216,25336,1352,188577
5,[2,2,32,8,8]
0.04234393686056137,25336,1352,190029
5,[2,2,32,8,16]
0.04250633344054222,25336,1352,194906
5,[2,2,32,8,32]
0.2500171661376953,13344,13344,199291
5,[2,2,32,16,1]
0.2500136196613312,13344,13344,194964
5,[2,2,32,16,2]
0.25001558661460876,13344,13344,196133
5,[2,2,32,16,4]
0.250017911195755,13344,13344,193011
5,[2,2,32,16,8]
0.04250064492225647,25336,1352,201922
5,[2,2,32,16,16]
0.04251862317323685,25336,1352,209558
5,[2,2,32,16,32]
0.042360570281744,25337,1351,224691
5,[2,2,32,32,1]
0.25001806020736694,13344,13344,217072
5,[2,2,32,32,2]
0.042323168367147446,25337,1351,215984
5,[2,2,32,32,4]
0.25001686811447144,13344,13344,204377
5,[2,2,32,32,8]
0.2500091791152954,13344,13344,205024
5,[2,2,32,32,16]
0.04238230735063553,25336,1352,222013
5,[2,2,32,32,32]
0.0424044243991375,25337,1351,244193
5,[2,4,1,1,1]
0.04553971812129021,25286,1402,139461
5,[2,4,1,1,2]
0.2500177323818207,13344,13344,139923
5,[2,4,1,1,4]
0.2500142753124237,13344,13344,140820
5,[2,4,1,1,8]
0.25001299381256104,13344,13344,142591
5,[2,4,1,1,16]
0.25001105666160583,13344,13344,144727
5,[2,4,1,1,32]
0.042480502277612686,25336,1352,153874
5,[2,4,1,2,1]
0.25001510977745056,13344,13344,139827
5,[2,4,1,2,2]
0.2500184178352356,13344,13344,140115
5,[2,4,1,2,4]
0.2500067353248596,13344,13344,141538
5,[2,4,1,2,8]
0.2500118911266327,13344,13344,142957
5,[2,4,1,2,16]
0.2500187158584595,13344,13344,147077
5,[2,4,1,2,32]
0.042473383247852325,25336,1352,156503
5,[2,4,1,4,1]
0.2500154972076416,13344,13344,141683
5,[2,4,1,4,2]
0.043234627693891525,25328,1360,142354
5,[2,4,1,4,4]
0.042411357164382935,25337,1351,144215
5,[2,4,1,4,8]
0.07035074383020401,24506,2182,146488
5,[2,4,1,4,16]
0.25001126527786255,13344,13344,149234
5,[2,4,1,4,32]
0.04260367155075073,25334,1354,160065
5,[2,4,1,8,1]
0.25001370906829834,13344,13344,144310
5,[2,4,1,8,2]
0.2500150501728058,13344,13344,144520
5,[2,4,1,8,4]
0.25000885128974915,13344,13344,146079
5,[2,4,1,8,8]
0.04249245673418045,25336,1352,149055
5,[2,4,1,8,16]
0.2500094473361969,13344,13344,152790
5,[2,4,1,8,32]
0.2500162422657013,13344,13344,162686
5,[2,4,1,16,1]
0.2500118911266327,13344,13344,147031
5,[2,4,1,16,2]
0.2500218152999878,13344,13344,147775
5,[2,4,1,16,4]
0.25001776218414307,13344,13344,151437
5,[2,4,1,16,8]
0.04407214745879173,25289,1399,155739
5,[2,4,1,16,16]
0.04252057150006294,25336,1352,163289
5,[2,4,1,16,32]
0.04235152527689934,25337,1351,177348
5,[2,4,1,32,1]
0.25001728534698486,13344,13344,153094
5,[2,4,1,32,2]
0.25001421570777893,13344,13344,155478
5,[2,4,1,32,4]
0.04245353862643242,25337,1351,161468
5,[2,4,1,32,8]
0.04252702742815018,25336,1352,166290
5,[2,4,1,32,16]
0.25001060962677,13344,13344,173188
5,[2,4,1,32,32]
0.2500136196613312,13344,13344,194368
5,[2,4,2,1,1]
0.2500036358833313,13344,13344,142757
5,[2,4,2,1,2]
0.042421914637088776,25337,1351,143771
5,[2,4,2,1,4]
0.2500198185443878,13344,13344,145040
5,[2,4,2,1,8]
0.2500174641609192,13344,13344,146585
5,[2,4,2,1,16]
0.04247558116912842,25336,1352,150561
5,[2,4,2,1,32]
0.2500119209289551,13344,13344,156878
5,[2,4,2,2,1]
0.04243117943406105,25333,1355,145076
5,[2,4,2,2,2]
0.07027534395456314,24506,2182,145496
5,[2,4,2,2,4]
0.25001636147499084,13344,13344,146430
5,[2,4,2,2,8]
0.04241528734564781,25336,1352,148367
5,[2,4,2,2,16]
0.2500147521495819,13344,13344,150313
5,[2,4,2,2,32]
0.042519573122262955,25336,1352,160095
5,[2,4,2,4,1]
0.25001654028892517,13344,13344,145352
5,[2,4,2,4,2]
0.2500179409980774,13344,13344,146813
5,[2,4,2,4,4]
0.04246145486831665,25336,1352,149018
5,[2,4,2,4,8]
0.04237131029367447,25337,1351,151634
5,[2,4,2,4,16]
0.2500086724758148,13344,13344,152756
5,[2,4,2,4,32]
0.25001096725463867,13344,13344,163831
5,[2,4,2,8,1]
0.2500152885913849,13344,13344,149814
5,[2,4,2,8,2]
0.25000277161598206,13344,13344,151860
5,[2,4,2,8,4]
0.2500050961971283,13344,13344,154477
5,[2,4,2,8,8]
0.1057114526629448,23282,3406,158350
5,[2,4,2,8,16]
0.04235474392771721,25337,1351,162881
5,[2,4,2,8,32]
0.04254143312573433,25336,1352,174351
5,[2,4,2,16,1]
0.042487386614084244,25336,1352,157102
5,[2,4,2,16,2]
0.042602069675922394,25336,1352,158156
5,[2,4,2,16,4]
0.042479436844587326,25337,1351,159152
5,[2,4,2,16,8]
0.042503032833337784,25336,1352,162449
5,[2,4,2,16,16]
0.04240722581744194,25336,1352,170498
5,[2,4,2,16,32]
0.2500203847885132,13344,13344,182449
5,[2,4,2,32,1]
0.04250149428844452,25336,1352,164326
5,[2,4,2,32,2]
0.042392536997795105,25337,1351,165373
5,[2,4,2,32,4]
0.042524632066488266,25336,1352,170411
5,[2,4,2,32,8]
0.04250891134142876,25336,1352,175947
5,[2,4,2,32,16]
0.04239729046821594,25337,1351,187216
5,[2,4,2,32,32]
0.042510561645030975,25336,1352,209718
5,[2,4,4,1,1]
0.25001195073127747,13344,13344,150323
5,[2,4,4,1,2]
0.04244929179549217,25336,1352,151870
5,[2,4,4,1,4]
0.25001266598701477,13344,13344,151224
5,[2,4,4,1,8]
0.04248708859086037,25336,1352,154714
5,[2,4,4,1,16]
0.0424933023750782,25336,1352,158181
5,[2,4,4,1,32]
0.25001174211502075,13344,13344,161530
5,[2,4,4,2,1]
0.25001993775367737,13344,13344,152200
5,[2,4,4,2,2]
0.042555324733257294,25336,1352,151611
5,[2,4,4,2,4]
0.04280925169587135,25336,1352,152943
5,[2,4,4,2,8]
0.250016450881958,13344,13344,151417
5,[2,4,4,2,16]
0.04245983436703682,25336,1352,157398
5,[2,4,4,2,32]
0.04245328530669212,25336,1352,165056
5,[2,4,4,4,1]
0.04225948080420494,25337,1351,150665
5,[2,4,4,4,2]
0.2500118613243103,13344,13344,157286
5,[2,4,4,4,4]
0.042874276638031006,25336,1352,164948
5,[2,4,4,4,8]
0.2500143349170685,13344,13344,158595
5,[2,4,4,4,16]
0.042435795068740845,25336,1352,164373
5,[2,4,4,4,32]
0.042316537350416183,25335,1353,180298
5,[2,4,4,8,1]
0.25001364946365356,13344,13344,170396
5,[2,4,4,8,2]
0.0423101969063282,25335,1353,162454
5,[2,4,4,8,4]
0.04252057895064354,25336,1352,165101
5,[2,4,4,8,8]
0.042519088834524155,25336,1352,168716
5,[2,4,4,8,16]
0.04244197905063629,25334,1354,176823
5,[2,4,4,8,32]
0.042459193617105484,25336,1352,194291
5,[2,4,4,16,1]
0.2500157654285431,13344,13344,160438
5,[2,4,4,16,2]
0.04233298823237419,25337,1351,164307
5,[2,4,4,16,4]
0.2500138580799103,13344,13344,163540
5,[2,4,4,16,8]
0.04231182113289833,25337,1351,170627
5,[2,4,4,16,16]
0.04334516450762749,25332,1356,172967
5,[2,4,4,16,32]
0.04240187630057335,25336,1352,202319
5,[2,4,4,32,1]
0.25001826882362366,13344,13344,176306
5,[2,4,4,32,2]
0.04247214272618294,25336,1352,174993
5,[2,4,4,32,4]
0.04244479537010193,25336,1352,176804
5,[2,4,4,32,8]
0.2500087022781372,13344,13344,185430
5,[2,4,4,32,16]
0.04246601089835167,25336,1352,198146
5,[2,4,4,32,32]
0.042392436414957047,25336,1352,219431
5,[2,4,8,1,1]
0.2500118911266327,13344,13344,158092
5,[2,4,8,1,2]
0.2500205934047699,13344,13344,163391
5,[2,4,8,1,4]
0.2500137686729431,13344,13344,165427
5,[2,4,8,1,8]
0.2500167787075043,13344,13344,164906
5,[2,4,8,1,16]
0.2500110864639282,13344,13344,164090
5,[2,4,8,1,32]
0.2500140070915222,13344,13344,173462
5,[2,4,8,2,1]
0.042861469089984894,25337,1351,162316
5,[2,4,8,2,2]
0.25001659989356995,13344,13344,161742
5,[2,4,8,2,4]
0.04245823994278908,25337,1351,163312
5,[2,4,8,2,8]
0.04249170795083046,25336,1352,165308
5,[2,4,8,2,16]
0.2500181198120117,13344,13344,167499
5,[2,4,8,2,32]
0.04224025830626488,25335,1353,178065
5,[2,4,8,4,1]
0.2500091791152954,13344,13344,162124
5,[2,4,8,4,2]
0.04247156158089638,25336,1352,179074
5,[2,4,8,4,4]
0.0423765555024147,25337,1351,179643
5,[2,4,8,4,8]
0.042497728019952774,25336,1352,183546
5,[2,4,8,4,16]
0.042363643646240234,25337,1351,187079
5,[2,4,8,4,32]
0.04405263438820839,25287,1401,195738
5,[2,4,8,8,1]
0.25001898407936096,13344,13344,179709
5,[2,4,8,8,2]
0.04242556914687157,25333,1355,182252
5,[2,4,8,8,4]
0.04252748191356659,25336,1352,184243
5,[2,4,8,8,8]
0.04245471954345703,25336,1352,199262
5,[2,4,8,8,16]
0.04229836165904999,25337,1351,192799
5,[2,4,8,8,32]
0.2500172555446625,13344,13344,196421
5,[2,4,8,16,1]
0.2500091791152954,13344,13344,184102
5,[2,4,8,16,2]
0.25000736117362976,13344,13344,184734
5,[2,4,8,16,4]
0.042397283017635345,25336,1352,187068
5,[2,4,8,16,8]
0.04225774109363556,25335,1353,190698
5,[2,4,8,16,16]
0.04251495748758316,25336,1352,200902
5,[2,4,8,16,32]
0.04246727004647255,25336,1352,215474
5,[2,4,8,32,1]
0.04244710132479668,25337,1351,195762
5,[2,4,8,32,2]
0.25001728534698486,13344,13344,195721
5,[2,4,8,32,4]
0.042207006365060806,25337,1351,200247
5,[2,4,8,32,8]
0.24227121472358704,14148,12540,206486
5,[2,4,8,32,16]
0.11386869102716446,22963,3725,216170
5,[2,4,8,32,32]
0.04246564954519272,25337,1351,241465
5,[2,4,16,1,1]
0.2500138282775879,13344,13344,174089
5,[2,4,16,1,2]
0.25001731514930725,13344,13344,176230
5,[2,4,16,1,4]
0.2500190734863281,13344,13344,174624
5,[2,4,16,1,8]
0.11382129788398743,22963,3725,173569
5,[2,4,16,1,16]
0.04257693141698837,25336,1352,176854
5,[2,4,16,1,32]
0.04252469167113304,25337,1351,195365
5,[2,4,16,2,1]
0.25000688433647156,13344,13344,181023
5,[2,4,16,2,2]
0.24228604137897491,14148,12540,183776
5,[2,4,16,2,4]
0.25000911951065063,13344,13344,184240
5,[2,4,16,2,8]
0.2500113844871521,13344,13344,180654
5,[2,4,16,2,16]
0.04245615750551224,25336,1352,190834
5,[2,4,16,2,32]
0.04255622625350952,25336,1352,195137
5,[2,4,16,4,1]
0.25000545382499695,13344,13344,178310
5,[2,4,16,4,2]
0.04243485629558563,25337,1351,181039
5,[2,4,16,4,4]
0.04244468733668327,25336,1352,175805
5,[2,4,16,4,8]
0.2500200867652893,13344,13344,176013
5,[2,4,16,4,16]
0.04235431179404259,25337,1351,182528
5,[2,4,16,4,32]
0.04236878827214241,25335,1353,199972
5,[2,4,16,8,1]
0.25001364946365356,13344,13344,185033
5,[2,4,16,8,2]
0.042566172778606415,25336,1352,186546
5,[2,4,16,8,4]
0.042488180100917816,25333,1355,183579
5,[2,4,16,8,8]
0.04250328242778778,25336,1352,186063
5,[2,4,16,8,16]
0.04228241369128227,25337,1351,189383
5,[2,4,16,8,32]
0.04234181344509125,25336,1352,198786
5,[2,4,16,16,1]
0.042552024126052856,25336,1352,185845
5,[2,4,16,16,2]
0.04249698296189308,25336,1352,187127
5,[2,4,16,16,4]
0.25000572204589844,13344,13344,188080
5,[2,4,16,16,8]
0.042480990290641785,25336,1352,193393
5,[2,4,16,16,16]
0.042366378009319305,25333,1355,204043
5,[2,4,16,16,32]
0.0423537939786911,25337,1351,219920
5,[2,4,16,32,1]
0.2500174939632416,13344,13344,200752
5,[2,4,16,32,2]
0.25001123547554016,13344,13344,202660
5,[2,4,16,32,4]
0.2500060200691223,13344,13344,210190
5,[2,4,16,32,8]
0.042346466332674026,25337,1351,216501
5,[2,4,16,32,16]
0.0422048345208168,25335,1353,220325
5,[2,4,16,32,32]
0.04239489138126373,25336,1352,245963
5,[2,4,32,1,1]
0.24998843669891357,13344,13344,178080
5,[2,4,32,1,2]
0.2500198483467102,13344,13344,178165
5,[2,4,32,1,4]
0.2500211000442505,13344,13344,178611
5,[2,4,32,1,8]
0.04251207038760185,25337,1351,182375
5,[2,4,32,1,16]
0.2500143051147461,13344,13344,184663
5,[2,4,32,1,32]
0.04242701455950737,25334,1354,205768
5,[2,4,32,2,1]
0.04259819909930229,25336,1352,191304
5,[2,4,32,2,2]
0.04252275079488754,25334,1354,189040
5,[2,4,32,2,4]
0.25001242756843567,13344,13344,183790
5,[2,4,32,2,8]
0.250011146068573,13344,13344,188065
5,[2,4,32,2,16]
0.04229054972529411,25335,1353,193993
5,[2,4,32,2,32]
0.04251037538051605,25332,1356,201331
5,[2,4,32,4,1]
0.09383948892354965,23659,3029,191914
5,[2,4,32,4,2]
0.25001952052116394,13344,13344,192261
5,[2,4,32,4,4]
0.04231526330113411,25335,1353,196387
5,[2,4,32,4,8]
0.04232266545295715,25337,1351,194115
5,[2,4,32,4,16]
0.042407065629959106,25336,1352,198812
5,[2,4,32,4,32]
0.042406726628541946,25337,1351,213302
5,[2,4,32,8,1]
0.25002163648605347,13344,13344,196262
5,[2,4,32,8,2]
0.04262717813253403,25334,1354,199990
5,[2,4,32,8,4]
0.04224449768662453,25335,1353,200296
5,[2,4,32,8,8]
0.04231053963303566,25337,1351,201940
5,[2,4,32,8,16]
0.04239925369620323,25337,1351,203288
5,[2,4,32,8,32]
0.042310718446969986,25337,1351,210987
5,[2,4,32,16,1]
0.2500136196613312,13344,13344,197535
5,[2,4,32,16,2]
0.2500024735927582,13344,13344,198853
5,[2,4,32,16,4]
0.04241244122385979,25335,1353,204634
5,[2,4,32,16,8]
0.07035961747169495,24506,2182,208796
5,[2,4,32,16,16]
0.04233052209019661,25337,1351,217008
5,[2,4,32,16,32]
0.0451875701546669,25281,1407,231310
5,[2,4,32,32,1]
0.042478278279304504,25336,1352,224783
5,[2,4,32,32,2]
0.04243011400103569,25337,1351,230642
5,[2,4,32,32,4]
0.25001049041748047,13344,13344,231943
5,[2,4,32,32,8]
0.04231204837560654,25337,1351,242453
5,[2,4,32,32,16]
0.042200107127428055,25335,1353,252331
5,[2,4,32,32,32]
0.0424312949180603,25337,1351,279059
5,[2,8,1,1,1]
0.25001952052116394,13344,13344,172514
5,[2,8,1,1,2]
0.25001195073127747,13344,13344,174487
5,[2,8,1,1,4]
0.042540036141872406,25336,1352,173092
5,[2,8,1,1,8]
0.2500113844871521,13344,13344,181628
5,[2,8,1,1,16]
0.2500227987766266,13344,13344,185324
5,[2,8,1,1,32]
0.04242333397269249,25337,1351,204151
5,[2,8,1,2,1]
0.250017911195755,13344,13344,192449
5,[2,8,1,2,2]
0.042478036135435104,25336,1352,192970
5,[2,8,1,2,4]
0.25002190470695496,13344,13344,190329
5,[2,8,1,2,8]
0.2500206530094147,13344,13344,186236
5,[2,8,1,2,16]
0.04256811738014221,25336,1352,181236
5,[2,8,1,2,32]
0.2500111162662506,13344,13344,185024
5,[2,8,1,4,1]
0.25001272559165955,13344,13344,172764
5,[2,8,1,4,2]
0.042547546327114105,25336,1352,173905
5,[2,8,1,4,4]
0.042483408004045486,25336,1352,175804
5,[2,8,1,4,8]
0.25001686811447144,13344,13344,177089
5,[2,8,1,4,16]
0.2500104308128357,13344,13344,180584
5,[2,8,1,4,32]
0.25001364946365356,13344,13344,188441
5,[2,8,1,8,1]
0.25001147389411926,13344,13344,174969
5,[2,8,1,8,2]
0.2500091791152954,13344,13344,174456
5,[2,8,1,8,4]
0.04266522824764252,25336,1352,181605
5,[2,8,1,8,8]
0.04304543882608414,25329,1359,181016
5,[2,8,1,8,16]
0.25001636147499084,13344,13344,182810
5,[2,8,1,8,32]
0.04240136593580246,25335,1353,197072
5,[2,8,1,16,1]
0.25001537799835205,13344,13344,176911
5,[2,8,1,16,2]
0.2500154674053192,13344,13344,177798
5,[2,8,1,16,4]
0.04274967312812805,25336,1352,181814
5,[2,8,1,16,8]
0.2500111162662506,13344,13344,182747
5,[2,8,1,16,16]
0.0424736812710762,25337,1351,192080
5,[2,8,1,16,32]
0.25001344084739685,13344,13344,203162
5,[2,8,1,32,1]
0.25001198053359985,13344,13344,189578
5,[2,8,1,32,2]
0.04261506348848343,25336,1352,193953
5,[2,8,1,32,4]
0.0425042100250721,25336,1352,196460
5,[2,8,1,32,8]
0.2500157058238983,13344,13344,196414
5,[2,8,1,32,16]
0.25001630187034607,13344,13344,208039
5,[2,8,1,32,32]
0.2500149607658386,13344,13344,227936
5,[2,8,2,1,1]
0.042499952018260956,25336,1352,177633
5,[2,8,2,1,2]
0.2500159740447998,13344,13344,177347
5,[2,8,2,1,4]
0.25001007318496704,13344,13344,178947
5,[2,8,2,1,8]
0.2500143349170685,13344,13344,179932
5,[2,8,2,1,16]
0.2500162422657013,13344,13344,182871
5,[2,8,2,1,32]
0.25001686811447144,13344,13344,189736
5,[2,8,2,2,1]
0.25001299381256104,13344,13344,177094
5,[2,8,2,2,2]
0.042589373886585236,25336,1352,179475
5,[2,8,2,2,4]
0.04253727197647095,25336,1352,180665
5,[2,8,2,2,8]
0.25001734495162964,13344,13344,180815
5,[2,8,2,2,16]
0.042599890381097794,25336,1352,187076
5,[2,8,2,2,32]
0.2500125765800476,13344,13344,191228
5,[2,8,2,4,1]
0.25000888109207153,13344,13344,179705
5,[2,8,2,4,2]
0.042547304183244705,25336,1352,180553
5,[2,8,2,4,4]
0.0424758680164814,25336,1352,182164
5,[2,8,2,4,8]
0.04253062605857849,25332,1356,185039
5,[2,8,2,4,16]
0.0424971841275692,25336,1352,188972
5,[2,8,2,4,32]
0.04252425581216812,25337,1351,197858
5,[2,8,2,8,1]
0.04243587702512741,25336,1352,181962
5,[2,8,2,8,2]
0.04243572801351547,25337,1351,182764
5,[2,8,2,8,4]
0.042284585535526276,25335,1353,185036
5,[2,8,2,8,8]
0.04469509795308113,25287,1401,187933
5,[2,8,2,8,16]
0.042329832911491394,25337,1351,193081
5,[2,8,2,8,32]
0.04247535020112991,25336,1352,203371
5,[2,8,2,16,1]
0.2500207722187042,13344,13344,185388
5,[2,8,2,16,2]
0.25000816583633423,13344,13344,186273
5,[2,8,2,16,4]
0.2500070333480835,13344,13344,187620
5,[2,8,2,16,8]
0.2286066859960556,15639,11049,193390
5,[2,8,2,16,16]
0.0424768403172493,25336,1352,202058
5,[2,8,2,16,32]
0.2500148415565491,13344,13344,211166
5,[2,8,2,32,1]
0.25001275539398193,13344,13344,191091
5,[2,8,2,32,2]
0.2500097453594208,13344,13344,194947
5,[2,8,2,32,4]
0.07048057019710541,24506,2182,199218
5,[2,8,2,32,8]
0.04246455430984497,25337,1351,205329
5,[2,8,2,32,16]
0.2500150501728058,13344,13344,210127
5,[2,8,2,32,32]
0.04270516708493233,25337,1351,239030
5,[2,8,4,1,1]
0.25000011920928955,13344,13344,180716
5,[2,8,4,1,2]
0.25000670552253723,13344,13344,180989
5,[2,8,4,1,4]
0.2500181496143341,13344,13344,182701
5,[2,8,4,1,8]
0.2500055730342865,13344,13344,184724
5,[2,8,4,1,16]
0.25001591444015503,13344,13344,184961
5,[2,8,4,1,32]
0.04246349260210991,25334,1354,195320
5,[2,8,4,2,1]
0.04247888922691345,25336,1352,182134
5,[2,8,4,2,2]
0.2500176727771759,13344,13344,182993
5,[2,8,4,2,4]
0.042366158217191696,25334,1354,183831
5,[2,8,4,2,8]
0.04238724708557129,25337,1351,185911
5,[2,8,4,2,16]
0.25001153349876404,13344,13344,188048
5,[2,8,4,2,32]
0.04237203672528267,25337,1351,197461
5,[2,8,4,4,1]
0.2500130832195282,13344,13344,182088
5,[2,8,4,4,2]
0.042447272688150406,25336,1352,184212
5,[2,8,4,4,4]
0.042261749505996704,25335,1353,185131
5,[2,8,4,4,8]
0.042458582669496536,25336,1352,189100
5,[2,8,4,4,16]
0.042215995490550995,25335,1353,192746
5,[2,8,4,4,32]
0.24247147142887115,14118,12570,199394
5,[2,8,4,8,1]
0.04246968775987625,25336,1352,185736
5,[2,8,4,8,2]
0.042381033301353455,25337,1351,186473
5,[2,8,4,8,4]
0.04251094162464142,25336,1352,189270
5,[2,8,4,8,8]
0.042375773191452026,25336,1352,191783
5,[2,8,4,8,16]
0.042237576097249985,25335,1353,196795
5,[2,8,4,8,32]
0.04223375394940376,25335,1353,208335
5,[2,8,4,16,1]
0.25001972913742065,13344,13344,190114
5,[2,8,4,16,2]
0.2500190734863281,13344,13344,190111
5,[2,8,4,16,4]
0.04257412627339363,25336,1352,194788
5,[2,8,4,16,8]
0.04246687516570091,25336,1352,198381
5,[2,8,4,16,16]
0.042462918907403946,25336,1352,205775
5,[2,8,4,16,32]
0.04244707524776459,25336,1352,220911
5,[2,8,4,32,1]
0.250015527009964,13344,13344,198812
5,[2,8,4,32,2]
0.2500096261501312,13344,13344,198405
5,[2,8,4,32,4]
0.042522210627794266,25336,1352,204321
5,[2,8,4,32,8]
0.04243052005767822,25333,1355,209849
5,[2,8,4,32,16]
0.04238613694906235,25337,1351,221453
5,[2,8,4,32,32]
0.04235795885324478,25334,1354,245396
5,[2,8,8,1,1]
0.04242802411317825,25337,1351,184670
5,[2,8,8,1,2]
0.044008564203977585,25288,1400,185546
5,[2,8,8,1,4]
0.25001633167266846,13344,13344,185075
5,[2,8,8,1,8]
0.2500114142894745,13344,13344,185712
5,[2,8,8,1,16]
0.25001248717308044,13344,13344,191130
5,[2,8,8,1,32]
0.25001707673072815,13344,13344,198536
5,[2,8,8,2,1]
0.2500140070915222,13344,13344,194861
5,[2,8,8,2,2]
0.25001272559165955,13344,13344,195803
5,[2,8,8,2,4]
0.04249629005789757,25336,1352,197310
5,[2,8,8,2,8]
0.04248795658349991,25336,1352,198958
5,[2,8,8,2,16]
0.25001609325408936,13344,13344,200362
5,[2,8,8,2,32]
0.042539335787296295,25336,1352,209607
5,[2,8,8,4,1]
0.2500075101852417,13344,13344,195834
5,[2,8,8,4,2]
0.2500152289867401,13344,13344,196025
5,[2,8,8,4,4]
0.04244830831885338,25336,1352,199628
5,[2,8,8,4,8]
0.04239780455827713,25333,1355,201685
5,[2,8,8,4,16]
0.04228251427412033,25337,1351,205923
5,[2,8,8,4,32]
0.04407138004899025,25289,1399,215107
5,[2,8,8,8,1]
0.25001490116119385,13344,13344,198468
5,[2,8,8,8,2]
0.04235343635082245,25337,1351,200820
5,[2,8,8,8,4]
0.04235072061419487,25337,1351,202068
5,[2,8,8,8,8]
0.042314786463975906,25337,1351,205635
5,[2,8,8,8,16]
0.0423152931034565,25335,1353,210977
5,[2,8,8,8,32]
0.042368918657302856,25336,1352,221968
5,[2,8,8,16,1]
0.07027501612901688,24506,2182,206398
5,[2,8,8,16,2]
0.04249875992536545,25336,1352,208594
5,[2,8,8,16,4]
0.04243570938706398,25337,1351,209890
5,[2,8,8,16,8]
0.06953618675470352,24536,2152,213761
5,[2,8,8,16,16]
0.042373236268758774,25336,1352,221182
5,[2,8,8,16,32]
0.04246192425489426,25337,1351,236210
5,[2,8,8,32,1]
0.04499981179833412,25284,1404,216522
5,[2,8,8,32,2]
0.042452432215213776,25337,1351,219244
5,[2,8,8,32,4]
0.04230257868766785,25337,1351,226425
5,[2,8,8,32,8]
0.04223818704485893,25335,1353,232216
5,[2,8,8,32,16]
0.042576976120471954,25332,1356,243014
5,[2,8,8,32,32]
0.04231417551636696,25337,1351,267673
5,[2,8,16,1,1]
0.2500176429748535,13344,13344,202419
5,[2,8,16,1,2]
0.25001558661460876,13344,13344,203607
5,[2,8,16,1,4]
0.04259791970252991,25336,1352,206923
5,[2,8,16,1,8]
0.2500085234642029,13344,13344,206158
5,[2,8,16,1,16]
0.2500099241733551,13344,13344,210643
5,[2,8,16,1,32]
0.04252764955163002,25336,1352,219407
5,[2,8,16,2,1]
0.250015527009964,13344,13344,205300
5,[2,8,16,2,2]
0.25000983476638794,13344,13344,206546
5,[2,8,16,2,4]
0.04221164435148239,25335,1353,209229
5,[2,8,16,2,8]
0.2500136196613312,13344,13344,208923
5,[2,8,16,2,16]
0.0424983836710453,25336,1352,214365
5,[2,8,16,2,32]
0.04241166263818741,25336,1352,223345
5,[2,8,16,4,1]
0.2500137686729431,13344,13344,207789
5,[2,8,16,4,2]
0.2500153183937073,13344,13344,209830
5,[2,8,16,4,4]
0.2500074505805969,13344,13344,210984
5,[2,8,16,4,8]
0.042443547397851944,25336,1352,214859
5,[2,8,16,4,16]
0.04277864471077919,25337,1351,218022
5,[2,8,16,4,32]
0.04230953007936478,25337,1351,227454
5,[2,8,16,8,1]
0.25001391768455505,13344,13344,210995
5,[2,8,16,8,2]
0.04253455623984337,25336,1352,213748
5,[2,8,16,8,4]
0.044064633548259735,25288,1400,217216
5,[2,8,16,8,8]
0.0422859787940979,25335,1353,217982
5,[2,8,16,8,16]
0.04247894138097763,25336,1352,224113
5,[2,8,16,8,32]
0.04232417419552803,25337,1351,235898
5,[2,8,16,16,1]
0.042447950690984726,25337,1351,221459
5,[2,8,16,16,2]
0.042539339512586594,25336,1352,222283
5,[2,8,16,16,4]
0.042229387909173965,25337,1351,224702
5,[2,8,16,16,8]
0.0423104465007782,25337,1351,227959
5,[2,8,16,16,16]
0.1295749545097351,22203,4485,236260
5,[2,8,16,16,32]
0.044927969574928284,24530,2158,251083
5,[2,8,16,32,1]
0.250017911195755,13344,13344,231286
5,[2,8,16,32,2]
0.2500118017196655,13344,13344,236003
5,[2,8,16,32,4]
0.2500118613243103,13344,13344,234516
5,[2,8,16,32,8]
0.04233693704009056,25337,1351,247269
5,[2,8,16,32,16]
0.04398632049560547,25289,1399,258004
5,[2,8,16,32,32]
0.042375609278678894,25337,1351,281217
5,[2,8,32,1,1]
0.25001195073127747,13344,13344,214593
5,[2,8,32,1,2]
0.25001198053359985,13344,13344,214220
5,[2,8,32,1,4]
0.04232637956738472,25335,1353,219862
5,[2,8,32,1,8]
0.2500084638595581,13344,13344,217664
5,[2,8,32,1,16]
0.2500145435333252,13344,13344,220305
5,[2,8,32,1,32]
0.04256092756986618,25336,1352,230591
5,[2,8,32,2,1]
0.25001251697540283,13344,13344,216749
5,[2,8,32,2,2]
0.2500156760215759,13344,13344,219282
5,[2,8,32,2,4]
0.25001585483551025,13344,13344,220186
5,[2,8,32,2,8]
0.04231568053364754,25337,1351,222349
5,[2,8,32,2,16]
0.04400905221700668,25289,1399,230964
5,[2,8,32,2,32]
0.25001731514930725,13344,13344,230366
5,[2,8,32,4,1]
0.04247461259365082,25336,1352,223437
5,[2,8,32,4,2]
0.04241015017032623,25337,1351,224137
5,[2,8,32,4,4]
0.11388499289751053,22962,3726,225168
5,[2,8,32,4,8]
0.042462777346372604,25336,1352,227252
5,[2,8,32,4,16]
0.04234754294157028,25337,1351,232641
5,[2,8,32,4,32]
0.04230915755033493,25337,1351,241270
5,[2,8,32,8,1]
0.2500101327896118,13344,13344,224856
5,[2,8,32,8,2]
0.042580459266901016,25336,1352,231283
5,[2,8,32,8,4]
0.0424158088862896,25337,1351,231575
5,[2,8,32,8,8]
0.04244113713502884,25336,1352,234748
5,[2,8,32,8,16]
0.04398500546813011,25288,1400,239565
5,[2,8,32,8,32]
0.0794956162571907,24255,2433,250470
5,[2,8,32,16,1]
0.04231021925806999,25335,1353,240272
5,[2,8,32,16,2]
0.042342495173215866,25335,1353,242396
5,[2,8,32,16,4]
0.2500135600566864,13344,13344,242714
5,[2,8,32,16,8]
0.04234608635306358,25335,1353,247176
5,[2,8,32,16,16]
0.25001558661460876,13344,13344,252792
5,[2,8,32,16,32]
0.04227817431092262,25334,1354,270932
5,[2,8,32,32,1]
0.25001299381256104,13344,13344,250774
5,[2,8,32,32,2]
0.042307958006858826,25337,1351,253538
5,[2,8,32,32,4]
0.04218423366546631,25335,1353,254216
5,[2,8,32,32,8]
0.042399659752845764,25337,1351,238237
5,[2,8,32,32,16]
0.2500123977661133,13344,13344,234654
5,[2,8,32,32,32]
0.042360324412584305,25336,1352,265802
5,[2,16,1,1,1]
0.25001266598701477,13344,13344,157869
5,[2,16,1,1,2]
0.06972544640302658,24536,2152,159430
5,[2,16,1,1,4]
0.2500099837779999,13344,13344,158869
5,[2,16,1,1,8]
0.2500152587890625,13344,13344,160400
5,[2,16,1,1,16]
0.2500205636024475,13344,13344,162815
5,[2,16,1,1,32]
0.25001293420791626,13344,13344,170880
5,[2,16,1,2,1]
0.24999487400054932,13344,13344,157211
5,[2,16,1,2,2]
0.2500132620334625,13344,13344,159104
5,[2,16,1,2,4]
0.25000908970832825,13344,13344,159858
5,[2,16,1,2,8]
0.25000470876693726,13344,13344,161369
5,[2,16,1,2,16]
0.25001397728919983,13344,13344,165756
5,[2,16,1,2,32]
0.042536694556474686,25336,1352,176341
5,[2,16,1,4,1]
0.2500147819519043,13344,13344,160563
5,[2,16,1,4,2]
0.2500121593475342,13344,13344,160300
5,[2,16,1,4,4]
0.250012069940567,13344,13344,161703
5,[2,16,1,4,8]
0.07042862474918365,24506,2182,167296
5,[2,16,1,4,16]
0.04235659912228584,25334,1354,170339
5,[2,16,1,4,32]
0.04248705133795738,25336,1352,179723
5,[2,16,1,8,1]
0.25001630187034607,13344,13344,162170
5,[2,16,1,8,2]
0.25001633167266846,13344,13344,162875
5,[2,16,1,8,4]
0.04240914806723595,25337,1351,167193
5,[2,16,1,8,8]
0.042578428983688354,25334,1354,168497
5,[2,16,1,8,16]
0.04255872219800949,25337,1351,174214
5,[2,16,1,8,32]
0.042457181960344315,25337,1351,185663
5,[2,16,1,16,1]
0.25002002716064453,13344,13344,165424
5,[2,16,1,16,2]
0.25001564621925354,13344,13344,168961
5,[2,16,1,16,4]
0.2500169277191162,13344,13344,168511
5,[2,16,1,16,8]
0.2500099837779999,13344,13344,170936
5,[2,16,1,16,16]
0.25001266598701477,13344,13344,177329
5,[2,16,1,16,32]
0.042422086000442505,25337,1351,197445
5,[2,16,1,32,1]
0.25001418590545654,13344,13344,171324
5,[2,16,1,32,2]
0.2500174939632416,13344,13344,173489
5,[2,16,1,32,4]
0.25000807642936707,13344,13344,175488
5,[2,16,1,32,8]
0.2500154376029968,13344,13344,180630
5,[2,16,1,32,16]
0.04251947999000549,25336,1352,196087
5,[2,16,1,32,32]
0.04253620281815529,25336,1352,221050
5,[2,16,2,1,1]
0.25001201033592224,13344,13344,161090
5,[2,16,2,1,2]
0.2500138580799103,13344,13344,162106
5,[2,16,2,1,4]
0.04250266030430794,25336,1352,164432
5,[2,16,2,1,8]
0.25001710653305054,13344,13344,165312
5,[2,16,2,1,16]
0.2500131130218506,13344,13344,167852
5,[2,16,2,1,32]
0.25001266598701477,13344,13344,174784
5,[2,16,2,2,1]
0.25001582503318787,13344,13344,163103
5,[2,16,2,2,2]
0.0424627885222435,25336,1352,164718
5,[2,16,2,2,4]
0.04256599768996239,25336,1352,164613
5,[2,16,2,2,8]
0.25001129508018494,13344,13344,165743
5,[2,16,2,2,16]
0.042513929307460785,25337,1351,171747
5,[2,16,2,2,32]
0.2500115931034088,13344,13344,176507
5,[2,16,2,4,1]
0.25001394748687744,13344,13344,164542
5,[2,16,2,4,2]
0.250013530254364,13344,13344,164669
5,[2,16,2,4,4]
0.22859905660152435,15639,11049,167183
5,[2,16,2,4,8]
0.2286040484905243,15639,11049,170147
5,[2,16,2,4,16]
0.22859714925289154,15639,11049,174495
5,[2,16,2,4,32]
0.2500118315219879,13344,13344,180745
5,[2,16,2,8,1]
0.2500055730342865,13344,13344,168079
5,[2,16,2,8,2]
0.2500126361846924,13344,13344,167282
5,[2,16,2,8,4]
0.042438291013240814,25336,1352,171031
5,[2,16,2,8,8]
0.2500057816505432,13344,13344,171444
5,[2,16,2,8,16]
0.04243050888180733,25336,1352,179159
5,[2,16,2,8,32]
0.25001224875450134,13344,13344,185460
5,[2,16,2,16,1]
0.04245808348059654,25336,1352,172756
5,[2,16,2,16,2]
0.04229823499917984,25335,1353,174340
5,[2,16,2,16,4]
0.2500161826610565,13344,13344,173322
5,[2,16,2,16,8]
0.22861799597740173,15637,11051,179274
5,[2,16,2,16,16]
0.04234820604324341,25334,1354,187987
5,[2,16,2,16,32]
0.06967273354530334,24533,2155,202452
5,[2,16,2,32,1]
0.250008761882782,13344,13344,178848
5,[2,16,2,32,2]
0.0424884669482708,25337,1351,183720
5,[2,16,2,32,4]
0.25001999735832214,13344,13344,184424
5,[2,16,2,32,8]
0.07025524973869324,24506,2182,189318
5,[2,16,2,32,16]
0.04228096082806587,25333,1355,201055
5,[2,16,2,32,32]
0.042645856738090515,25337,1351,226607
5,[2,16,4,1,1]
0.250017911195755,13344,13344,164447
5,[2,16,4,1,2]
0.2500160038471222,13344,13344,164938
5,[2,16,4,1,4]
0.2500154674053192,13344,13344,165329
5,[2,16,4,1,8]
0.2500186860561371,13344,13344,166747
5,[2,16,4,1,16]
0.042548201978206635,25334,1354,172730
5,[2,16,4,1,32]
0.2500079870223999,13344,13344,177602
5,[2,16,4,2,1]
0.2500145435333252,13344,13344,165717
5,[2,16,4,2,2]
0.25001224875450134,13344,13344,165869
5,[2,16,4,2,4]
0.25000426173210144,13344,13344,165971
5,[2,16,4,2,8]
0.04242399334907532,25336,1352,169899
5,[2,16,4,2,16]
0.22214026749134064,16199,10489,174529
5,[2,16,4,2,32]
0.042436208575963974,25336,1352,183454
5,[2,16,4,4,1]
0.2500079870223999,13344,13344,167091
5,[2,16,4,4,2]
0.04252982512116432,25333,1355,169334
5,[2,16,4,4,4]
0.04240701347589493,25336,1352,170168
5,[2,16,4,4,8]
0.04248501732945442,25336,1352,172532
5,[2,16,4,4,16]
0.04238937050104141,25336,1352,177443
5,[2,16,4,4,32]
0.042346302419900894,25337,1351,189164
5,[2,16,4,8,1]
0.2500133514404297,13344,13344,170286
5,[2,16,4,8,2]
0.04244399443268776,25337,1351,173678
5,[2,16,4,8,4]
0.04233726114034653,25337,1351,174481
5,[2,16,4,8,8]
0.04420773684978485,25288,1400,177046
5,[2,16,4,8,16]
0.04232806712388992,25337,1351,182762
5,[2,16,4,8,32]
0.04248297959566116,25336,1352,193881
5,[2,16,4,16,1]
0.042448390275239944,25337,1351,181812
5,[2,16,4,16,2]
0.25001367926597595,13344,13344,182512
5,[2,16,4,16,4]
0.04233560711145401,25337,1351,197195
5,[2,16,4,16,8]
0.06988240778446198,24531,2157,196097
5,[2,16,4,16,16]
0.04219561070203781,25335,1353,199910
5,[2,16,4,16,32]
0.042354948818683624,25337,1351,212373
5,[2,16,4,32,1]
0.2500184178352356,13344,13344,192535
5,[2,16,4,32,2]
0.0424865186214447,25335,1353,189475
5,[2,16,4,32,4]
0.045081011950969696,25282,1406,191612
5,[2,16,4,32,8]
0.04234067723155022,25337,1351,196385
5,[2,16,4,32,16]
0.04236820712685585,25337,1351,208554
5,[2,16,4,32,32]
0.04231128469109535,25337,1351,232669
5,[2,16,8,1,1]
0.25000619888305664,13344,13344,169798
5,[2,16,8,1,2]
0.2500188648700714,13344,13344,171067
5,[2,16,8,1,4]
0.04246009886264801,25337,1351,173833
5,[2,16,8,1,8]
0.042509227991104126,25336,1352,174520
5,[2,16,8,1,16]
0.25000667572021484,13344,13344,177578
5,[2,16,8,1,32]
0.25001639127731323,13344,13344,182169
5,[2,16,8,2,1]
0.25001397728919983,13344,13344,170811
5,[2,16,8,2,2]
0.04236150160431862,25337,1351,173491
5,[2,16,8,2,4]
0.2500090003013611,13344,13344,174130
5,[2,16,8,2,8]
0.25001510977745056,13344,13344,173833
5,[2,16,8,2,16]
0.04247504472732544,25336,1352,181105
5,[2,16,8,2,32]
0.25001516938209534,13344,13344,185549
5,[2,16,8,4,1]
0.2500144839286804,13344,13344,173060
5,[2,16,8,4,2]
0.042493660002946854,25336,1352,176750
5,[2,16,8,4,4]
0.11388032883405685,22963,3725,177782
5,[2,16,8,4,8]
0.042409226298332214,25337,1351,180531
5,[2,16,8,4,16]
0.04236171022057533,25337,1351,184549
5,[2,16,8,4,32]
0.07032478600740433,24506,2182,193498
5,[2,16,8,8,1]
0.042430028319358826,25337,1351,178876
5,[2,16,8,8,2]
0.12206197530031204,22209,4479,179265
5,[2,16,8,8,4]
0.2500177025794983,13344,13344,184284
5,[2,16,8,8,8]
0.04230094701051712,25337,1351,206203
5,[2,16,8,8,16]
0.042275313287973404,25337,1351,202440
5,[2,16,8,8,32]
0.042285650968551636,25337,1351,208220
5,[2,16,8,16,1]
0.25001415610313416,13344,13344,186983
5,[2,16,8,16,2]
0.2500127851963043,13344,13344,186015
5,[2,16,8,16,4]
0.042306087911129,25337,1351,181184
5,[2,16,8,16,8]
0.04230305552482605,25337,1351,186583
5,[2,16,8,16,16]
0.042267799377441406,25337,1351,194515
5,[2,16,8,16,32]
0.04228055849671364,25337,1351,209747
5,[2,16,8,32,1]
0.04251714050769806,25336,1352,191737
5,[2,16,8,32,2]
0.04240335524082184,25337,1351,191232
5,[2,16,8,32,4]
0.04248503968119621,25337,1351,194410
5,[2,16,8,32,8]
0.042364452034235,25337,1351,200965
5,[2,16,8,32,16]
0.04231720045208931,25337,1351,213867
5,[2,16,8,32,32]
0.04243479296565056,25334,1354,240623
5,[2,16,16,1,1]
0.2500133514404297,13344,13344,174052
5,[2,16,16,1,2]
0.042529501020908356,25336,1352,176777
5,[2,16,16,1,4]
0.25001299381256104,13344,13344,180458
5,[2,16,16,1,8]
0.04248286038637161,25336,1352,186142
5,[2,16,16,1,16]
0.2500135898590088,13344,13344,197685
5,[2,16,16,1,32]
0.04245174303650856,25337,1351,202143
5,[2,16,16,2,1]
0.25002312660217285,13344,13344,179521
5,[2,16,16,2,2]
0.04250982776284218,25336,1352,181910
5,[2,16,16,2,4]
0.25001469254493713,13344,13344,193381
5,[2,16,16,2,8]
0.04231680557131767,25335,1353,185704
5,[2,16,16,2,16]
0.042339954525232315,25334,1354,190426
5,[2,16,16,2,32]
0.24228353798389435,14148,12540,195328
5,[2,16,16,4,1]
0.2500055134296417,13344,13344,183165
5,[2,16,16,4,2]
0.04233178496360779,25334,1354,186995
5,[2,16,16,4,4]
0.04228883236646652,25335,1353,187594
5,[2,16,16,4,8]
0.04236752539873123,25335,1353,189555
5,[2,16,16,4,16]
0.042375773191452026,25337,1351,192439
5,[2,16,16,4,32]
0.04246855527162552,25336,1352,203535
5,[2,16,16,8,1]
0.04251571372151375,25334,1354,188026
5,[2,16,16,8,2]
0.042338017374277115,25337,1351,189419
5,[2,16,16,8,4]
0.04230925813317299,25337,1351,192023
5,[2,16,16,8,8]
0.042170703411102295,25335,1353,194053
5,[2,16,16,8,16]
0.04235519468784332,25336,1352,199370
5,[2,16,16,8,32]
0.04237502068281174,25336,1352,213950
5,[2,16,16,16,1]
0.25001096725463867,13344,13344,199683
5,[2,16,16,16,2]
0.042337141931056976,25336,1352,218224
5,[2,16,16,16,4]
0.04231874644756317,25337,1351,195859
5,[2,16,16,16,8]
0.04230460152029991,25337,1351,199255
5,[2,16,16,16,16]
0.2500174045562744,13344,13344,198710
5,[2,16,16,16,32]
0.042241860181093216,25335,1353,221710
5,[2,16,16,32,1]
0.2500142455101013,13344,13344,201493
5,[2,16,16,32,2]
0.2500060796737671,13344,13344,206870
5,[2,16,16,32,4]
0.042241308838129044,25335,1353,212254
5,[2,16,16,32,8]
0.042307935655117035,25337,1351,217045
5,[2,16,16,32,16]
0.04293624311685562,25335,1353,227390
5,[2,16,16,32,32]
0.04229891300201416,25337,1351,258603
5,[2,16,32,1,1]
0.250016450881958,13344,13344,191920
5,[2,16,32,1,2]
0.04254128038883209,25336,1352,195076
5,[2,16,32,1,4]
0.042445700615644455,25337,1351,194424
5,[2,16,32,1,8]
0.25001752376556396,13344,13344,193750
5,[2,16,32,1,16]
0.2500178813934326,13344,13344,193950
5,[2,16,32,1,32]
0.04241576045751572,25335,1353,207613
5,[2,16,32,2,1]
0.042465940117836,25336,1352,194924
5,[2,16,32,2,2]
0.042620155960321426,25336,1352,192855
5,[2,16,32,2,4]
0.25000670552253723,13344,13344,190471
5,[2,16,32,2,8]
0.04249710962176323,25336,1352,200105
5,[2,16,32,2,16]
0.042475324124097824,25337,1351,205742
5,[2,16,32,2,32]
0.042293909937143326,25337,1351,215376
5,[2,16,32,4,1]
0.25001221895217896,13344,13344,203345
5,[2,16,32,4,2]
0.04238767549395561,25334,1354,204640
5,[2,16,32,4,4]
0.22861342132091522,15639,11049,203680
5,[2,16,32,4,8]
0.04232942685484886,25337,1351,206560
5,[2,16,32,4,16]
0.04220745339989662,25335,1353,211520
5,[2,16,32,4,32]
0.042330898344516754,25337,1351,219664
5,[2,16,32,8,1]
0.04248485341668129,25337,1351,208267
5,[2,16,32,8,2]
0.2500111162662506,13344,13344,202983
5,[2,16,32,8,4]
0.04251642897725105,25336,1352,211483
5,[2,16,32,8,8]
0.04237409308552742,25337,1351,214146
5,[2,16,32,8,16]
0.0424586646258831,25336,1352,219601
5,[2,16,32,8,32]
0.10556423664093018,23284,3404,230255
5,[2,16,32,16,1]
0.04242942854762077,25337,1351,221302
5,[2,16,32,16,2]
0.04246622323989868,25337,1351,222051
5,[2,16,32,16,4]
0.04250941798090935,25336,1352,225393
5,[2,16,32,16,8]
0.04229067638516426,25337,1351,228073
5,[2,16,32,16,16]
0.04238492622971535,25336,1352,236130
5,[2,16,32,16,32]
0.06963527202606201,24536,2152,252418
5,[2,16,32,32,1]
0.2500143051147461,13344,13344,235047
5,[2,16,32,32,2]
0.2500174641609192,13344,13344,242968
5,[2,16,32,32,4]
0.04251859337091446,25336,1352,250555
5,[2,16,32,32,8]
0.04233984649181366,25334,1354,257745
5,[2,16,32,32,16]
0.04227180406451225,25337,1351,268025
5,[2,16,32,32,32]
0.12708917260169983,22208,4480,290986
5,[2,32,1,1,1]
0.04234218969941139,25335,1353,177801
5,[2,32,1,1,2]
0.04247831553220749,25336,1352,178127
5,[2,32,1,1,4]
0.25000661611557007,13344,13344,178709
5,[2,32,1,1,8]
0.042516980320215225,25336,1352,180835
5,[2,32,1,1,16]
0.25001364946365356,13344,13344,181141
5,[2,32,1,1,32]
0.25001242756843567,13344,13344,188981
5,[2,32,1,2,1]
0.25001853704452515,13344,13344,176895
5,[2,32,1,2,2]
0.2500080168247223,13344,13344,176241
5,[2,32,1,2,4]
0.25001198053359985,13344,13344,176929
5,[2,32,1,2,8]
0.25001710653305054,13344,13344,178594
5,[2,32,1,2,16]
0.25001171231269836,13344,13344,182373
5,[2,32,1,2,32]
0.07036100327968597,24506,2182,194105
5,[2,32,1,4,1]
0.2500113248825073,13344,13344,176950
5,[2,32,1,4,2]
0.25000718235969543,13344,13344,178114
5,[2,32,1,4,4]
0.25001582503318787,13344,13344,177589
5,[2,32,1,4,8]
0.2500121593475342,13344,13344,180738
5,[2,32,1,4,16]
0.25001388788223267,13344,13344,184033
5,[2,32,1,4,32]
0.04237622022628784,25337,1351,197724
5,[2,32,1,8,1]
0.04242996498942375,25337,1351,180837
5,[2,32,1,8,2]
0.04258927330374718,25332,1356,182000
5,[2,32,1,8,4]
0.2500106394290924,13344,13344,181863
5,[2,32,1,8,8]
0.04248841106891632,25333,1355,187506
5,[2,32,1,8,16]
0.04235634207725525,25332,1356,191890
5,[2,32,1,8,32]
0.25000980496406555,13344,13344,198071
5,[2,32,1,16,1]
0.250017911195755,13344,13344,181424
5,[2,32,1,16,2]
0.2500022351741791,13344,13344,184561
5,[2,32,1,16,4]
0.25000908970832825,13344,13344,186829
5,[2,32,1,16,8]
0.2500203251838684,13344,13344,188510
5,[2,32,1,16,16]
0.04253086447715759,25337,1351,200828
5,[2,32,1,16,32]
0.2500086724758148,13344,13344,209952
5,[2,32,1,32,1]
0.2500220835208893,13344,13344,191014
5,[2,32,1,32,2]
0.2500137984752655,13344,13344,190577
5,[2,32,1,32,4]
0.04254186153411865,25337,1351,198438
5,[2,32,1,32,8]
0.04259171336889267,25336,1352,204165
5,[2,32,1,32,16]
0.2500155568122864,13344,13344,208702
5,[2,32,1,32,32]
0.250014066696167,13344,13344,236981
5,[2,32,2,1,1]
0.2500206530094147,13344,13344,179185
5,[2,32,2,1,2]
0.2500166893005371,13344,13344,178422
5,[2,32,2,1,4]
0.042439475655555725,25337,1351,183132
5,[2,32,2,1,8]
0.25001615285873413,13344,13344,184457
5,[2,32,2,1,16]
0.250011146068573,13344,13344,184969
5,[2,32,2,1,32]
0.04260970279574394,25335,1353,198634
5,[2,32,2,2,1]
0.25001347064971924,13344,13344,180681
5,[2,32,2,2,2]
0.250018835067749,13344,13344,179935
5,[2,32,2,2,4]
0.25001487135887146,13344,13344,181977
5,[2,32,2,2,8]
0.04245024546980858,25334,1354,185337
5,[2,32,2,2,16]
0.25001075863838196,13344,13344,184554
5,[2,32,2,2,32]
0.2500187158584595,13344,13344,191536
5,[2,32,2,4,1]
0.04246056079864502,25336,1352,202490
5,[2,32,2,4,2]
0.06211436167359352,24800,1888,203881
5,[2,32,2,4,4]
0.25001341104507446,13344,13344,202710
5,[2,32,2,4,8]
0.042384058237075806,25332,1356,211136
5,[2,32,2,4,16]
0.04252931475639343,25336,1352,218429
5,[2,32,2,4,32]
0.25001034140586853,13344,13344,222999
5,[2,32,2,8,1]
0.25001126527786255,13344,13344,209108
5,[2,32,2,8,2]
0.042470067739486694,25336,1352,213879
5,[2,32,2,8,4]
0.042320627719163895,25335,1353,216245
5,[2,32,2,8,8]
0.10867351293563843,23282,3406,217061
5,[2,32,2,8,16]
0.04250370338559151,25337,1351,221727
5,[2,32,2,8,32]
0.2500137984752655,13344,13344,232631
5,[2,32,2,16,1]
0.2500168979167938,13344,13344,216143
5,[2,32,2,16,2]
0.2500147223472595,13344,13344,218879
5,[2,32,2,16,4]
0.042312949895858765,25337,1351,224673
5,[2,32,2,16,8]
0.044621746987104416,25285,1403,227397
5,[2,32,2,16,16]
0.04249299690127373,25336,1352,234124
5,[2,32,2,16,32]
0.07487490028142929,24533,2155,251405
5,[2,32,2,32,1]
0.04261749982833862,25335,1353,228076
5,[2,32,2,32,2]
0.04246656224131584,25337,1351,230193
5,[2,32,2,32,4]
0.042356863617897034,25337,1351,232675
5,[2,32,2,32,8]
0.042461104691028595,25337,1351,238053
5,[2,32,2,32,16]
0.04259687662124634,25336,1352,247751
5,[2,32,2,32,32]
0.042285945266485214,25335,1353,272116
5,[2,32,4,1,1]
0.25001010298728943,13344,13344,212761
5,[2,32,4,1,2]
0.250014066696167,13344,13344,214075
5,[2,32,4,1,4]
0.04256786033511162,25336,1352,216972
5,[2,32,4,1,8]
0.04260292276740074,25334,1354,218086
5,[2,32,4,1,16]
0.042505908757448196,25336,1352,222148
5,[2,32,4,1,32]
0.04245132580399513,25337,1351,229404
5,[2,32,4,2,1]
0.25001707673072815,13344,13344,213569
5,[2,32,4,2,2]
0.25000977516174316,13344,13344,214171
5,[2,32,4,2,4]
0.2500123083591461,13344,13344,216439
5,[2,32,4,2,8]
0.04239608719944954,25336,1352,219140
5,[2,32,4,2,16]
0.2500142455101013,13344,13344,219003
5,[2,32,4,2,32]
0.04242314398288727,25333,1355,230825
5,[2,32,4,4,1]
0.22860673069953918,15639,11049,214742
5,[2,32,4,4,2]
0.04247606545686722,25337,1351,218193
5,[2,32,4,4,4]
0.25001269578933716,13344,13344,218150
5,[2,32,4,4,8]
0.04237334802746773,25337,1351,221244
5,[2,32,4,4,16]
0.25001540780067444,13344,13344,219773
5,[2,32,4,4,32]
0.04246844723820686,25337,1351,235315
5,[2,32,4,8,1]
0.25001466274261475,13344,13344,219113
5,[2,32,4,8,2]
0.04248332977294922,25337,1351,220892
5,[2,32,4,8,4]
0.25001829862594604,13344,13344,218467
5,[2,32,4,8,8]
0.04249684140086174,25336,1352,224514
5,[2,32,4,8,16]
0.04233779385685921,25337,1351,230365
5,[2,32,4,8,32]
0.042286474257707596,25337,1351,224640
5,[2,32,4,16,1]
0.25001245737075806,13344,13344,200858
5,[2,32,4,16,2]
0.04247017577290535,25334,1354,205912
5,[2,32,4,16,4]
0.042346615344285965,25337,1351,207304
5,[2,32,4,16,8]
0.04234424605965614,25337,1351,210368
5,[2,32,4,16,16]
0.042298994958400726,25337,1351,218506
5,[2,32,4,16,32]
0.0423433743417263,25337,1351,232807
5,[2,32,4,32,1]
0.25001096725463867,13344,13344,207750
5,[2,32,4,32,2]
0.25001588463783264,13344,13344,209642
5,[2,32,4,32,4]
0.25000888109207153,13344,13344,212853
5,[2,32,4,32,8]
0.042499739676713943,25336,1352,221232
5,[2,32,4,32,16]
0.2500152885913849,13344,13344,224555
5,[2,32,4,32,32]
0.042320068925619125,25337,1351,253062
5,[2,32,8,1,1]
0.25001510977745056,13344,13344,198191
5,[2,32,8,1,2]
0.11382618546485901,22963,3725,200709
5,[2,32,8,1,4]
0.2500160336494446,13344,13344,201101
5,[2,32,8,1,8]
0.042453352361917496,25336,1352,203730
5,[2,32,8,1,16]
0.2500159442424774,13344,13344,203521
5,[2,32,8,1,32]
0.042604852467775345,25336,1352,215005
5,[2,32,8,2,1]
0.04246843233704567,25336,1352,202295
5,[2,32,8,2,2]
0.2500007152557373,13344,13344,201139
5,[2,32,8,2,4]
0.2500104308128357,13344,13344,202419
5,[2,32,8,2,8]
0.042419981211423874,25337,1351,203835
5,[2,32,8,2,16]
0.04242943972349167,25337,1351,208119
5,[2,32,8,2,32]
0.04230085015296936,25337,1351,216958
5,[2,32,8,4,1]
0.2500171363353729,13344,13344,202400
5,[2,32,8,4,2]
0.04263444244861603,25336,1352,204111
5,[2,32,8,4,4]
0.04240367189049721,25334,1354,205691
5,[2,32,8,4,8]
0.1055515930056572,23283,3405,207673
5,[2,32,8,4,16]
0.04229694604873657,25337,1351,211896
5,[2,32,8,4,32]
0.042272377759218216,25337,1351,220810
5,[2,32,8,8,1]
0.042469318956136703,25337,1351,206121
5,[2,32,8,8,2]
0.06962533295154572,24536,2152,206571
5,[2,32,8,8,4]
0.0695096030831337,24536,2152,208685
5,[2,32,8,8,8]
0.2500050961971283,13344,13344,205247
5,[2,32,8,8,16]
0.04231831431388855,25337,1351,215710
5,[2,32,8,8,32]
0.04229120910167694,25337,1351,225717
5,[2,32,8,16,1]
0.2500188946723938,13344,13344,206247
5,[2,32,8,16,2]
0.04251671954989433,25337,1351,212215
5,[2,32,8,16,4]
0.2500091791152954,13344,13344,213104
5,[2,32,8,16,8]
0.043695542961359024,25287,1401,217872
5,[2,32,8,16,16]
0.04234938696026802,25337,1351,224272
5,[2,32,8,16,32]
0.04232719913125038,25336,1352,238524
5,[2,32,8,32,1]
0.042417678982019424,25336,1352,221234
5,[2,32,8,32,2]
0.22238300740718842,16154,10534,221547
5,[2,32,8,32,4]
0.042393360286951065,25336,1352,225959
5,[2,32,8,32,8]
0.0422680638730526,25337,1351,230371
5,[2,32,8,32,16]
0.04229956865310669,25337,1351,242675
5,[2,32,8,32,32]
0.042308833450078964,25337,1351,263872
5,[2,32,16,1,1]
0.04258914291858673,25336,1352,212502
5,[2,32,16,1,2]
0.04260300472378731,25334,1354,213326
5,[2,32,16,1,4]
0.25001609325408936,13344,13344,209194
5,[2,32,16,1,8]
0.250015527009964,13344,13344,211456
5,[2,32,16,1,16]
0.04261556640267372,25336,1352,217143
5,[2,32,16,1,32]
0.04251966252923012,25337,1351,225368
5,[2,32,16,2,1]
0.2500157654285431,13344,13344,211705
5,[2,32,16,2,2]
0.25001198053359985,13344,13344,209859
5,[2,32,16,2,4]
0.25001761317253113,13344,13344,214604
5,[2,32,16,2,8]
0.04233042150735855,25337,1351,216772
5,[2,32,16,2,16]
0.04222056642174721,25335,1353,219964
5,[2,32,16,2,32]
0.04246871545910835,25337,1351,227928
5,[2,32,16,4,1]
0.2500130534172058,13344,13344,213316
5,[2,32,16,4,2]
0.2500123083591461,13344,13344,210015
5,[2,32,16,4,4]
0.04249162599444389,25337,1351,216631
5,[2,32,16,4,8]
0.11263921111822128,22934,3754,219142
5,[2,32,16,4,16]
0.04235195368528366,25333,1355,223199
5,[2,32,16,4,32]
0.04229915142059326,25336,1352,230818
5,[2,32,16,8,1]
0.25001755356788635,13344,13344,214108
5,[2,32,16,8,2]
0.2500152587890625,13344,13344,217680
5,[2,32,16,8,4]
0.04229765385389328,25335,1353,220966
5,[2,32,16,8,8]
0.04233003407716751,25334,1354,223644
5,[2,32,16,8,16]
0.24216563999652863,14189,12499,226320
5,[2,32,16,8,32]
0.042359158396720886,25337,1351,237425
5,[2,32,16,16,1]
0.04228620231151581,25337,1351,225174
5,[2,32,16,16,2]
0.04249567165970802,25336,1352,226730
5,[2,32,16,16,4]
0.22884345054626465,15591,11097,226518
5,[2,32,16,16,8]
0.042301058769226074,25337,1351,231613
5,[2,32,16,16,16]
0.04235386848449707,25336,1352,238639
5,[2,32,16,16,32]
0.042361922562122345,25335,1353,252610
5,[2,32,16,32,1]
0.25001761317253113,13344,13344,233462
5,[2,32,16,32,2]
0.2500090003013611,13344,13344,238559
5,[2,32,16,32,4]
0.25000715255737305,13344,13344,236770
5,[2,32,16,32,8]
0.04233401268720627,25337,1351,252196
5,[2,32,16,32,16]
0.042358361184597015,25337,1351,259955
5,[2,32,16,32,32]
0.04232533276081085,25337,1351,282415
5,[2,32,32,1,1]
0.25001588463783264,13344,13344,231715
5,[2,32,32,1,2]
0.25001582503318787,13344,13344,228709
5,[2,32,32,1,4]
0.25001397728919983,13344,13344,233676
5,[2,32,32,1,8]
0.04241976514458656,25335,1353,236601
5,[2,32,32,1,16]
0.25000694394111633,13344,13344,232403
5,[2,32,32,1,32]
0.25001901388168335,13344,13344,238534
5,[2,32,32,2,1]
0.250000923871994,13344,13344,229401
5,[2,32,32,2,2]
0.042499758303165436,25336,1352,234481
5,[2,32,32,2,4]
0.04244796559214592,25337,1351,235885
5,[2,32,32,2,8]
0.0423632375895977,25337,1351,238155
5,[2,32,32,2,16]
0.04245143383741379,25336,1352,241317
5,[2,32,32,2,32]
0.0425393283367157,25336,1352,249951
5,[2,32,32,4,1]
0.2500181198120117,13344,13344,231368
5,[2,32,32,4,2]
0.04269898310303688,25334,1354,237651
5,[2,32,32,4,4]
0.24227659404277802,14148,12540,237735
5,[2,32,32,4,8]
0.04235489293932915,25336,1352,242013
5,[2,32,32,4,16]
0.042331762611866,25337,1351,244854
5,[2,32,32,4,32]
0.25001466274261475,13344,13344,252305
5,[2,32,32,8,1]
0.04244811832904816,25334,1354,243371
5,[2,32,32,8,2]
0.2500167787075043,13344,13344,236834
5,[2,32,32,8,4]
0.2500085234642029,13344,13344,242014
5,[2,32,32,8,8]
0.0422673262655735,25337,1351,247910
5,[2,32,32,8,16]
0.04230290278792381,25337,1351,252431
5,[2,32,32,8,32]
0.24228867888450623,14148,12540,258637
5,[2,32,32,16,1]
0.04242289438843727,25334,1354,253866
5,[2,32,32,16,2]
0.042355380952358246,25335,1353,255437
5,[2,32,32,16,4]
0.04240131750702858,25337,1351,257710
5,[2,32,32,16,8]
0.04227624833583832,25337,1351,261855
5,[2,32,32,16,16]
0.07035095989704132,24506,2182,266960
5,[2,32,32,16,32]
0.04218016192317009,25335,1353,282255
5,[2,32,32,32,1]
0.2500099241733551,13344,13344,265668
5,[2,32,32,32,2]
0.04251564294099808,25336,1352,278591
5,[2,32,32,32,4]
0.04229726642370224,25337,1351,281128
5,[2,32,32,32,8]
0.04293735697865486,25307,1381,286223
5,[2,32,32,32,16]
0.04243120178580284,25332,1356,281349
5,[2,32,32,32,32]
0.042302679270505905,25337,1351,294042
