5,[1,1,1,1,1]
0.25001341104507446,13344,13344,96044
5,[1,1,1,1,2]
0.25001397728919983,13344,13344,114619
5,[1,1,1,1,4]
0.25001761317253113,13344,13344,115053
5,[1,1,1,1,8]
0.2500149607658386,13344,13344,131584
5,[1,1,1,1,16]
0.2500118911266327,13344,13344,107233
5,[1,1,1,1,32]
0.2500145733356476,13344,13344,114369
5,[1,1,1,2,1]
0.2500181198120117,13344,13344,122337
5,[1,1,1,2,2]
0.250016987323761,13344,13344,121856
5,[1,1,1,2,4]
0.2500157058238983,13344,13344,124529
5,[1,1,1,2,8]
0.25001195073127747,13344,13344,127787
5,[1,1,1,2,16]
0.2500128746032715,13344,13344,131709
5,[1,1,1,2,32]
0.250017911195755,13344,13344,140170
5,[1,1,1,4,1]
0.250016987323761,13344,13344,127802
5,[1,1,1,4,2]
0.25001633167266846,13344,13344,128082
5,[1,1,1,4,4]
0.2500154972076416,13344,13344,129956
5,[1,1,1,4,8]
0.2500149607658386,13344,13344,135690
5,[1,1,1,4,16]
0.2500128448009491,13344,13344,141868
5,[1,1,1,4,32]
0.2500174343585968,13344,13344,148409
5,[1,1,1,8,1]
0.2500114440917969,13344,13344,134181
5,[1,1,1,8,2]
0.2500108480453491,13344,13344,132485
5,[1,1,1,8,4]
0.25001204013824463,13344,13344,138618
5,[1,1,1,8,8]
0.04248901456594467,25336,1352,139898
5,[1,1,1,8,16]
0.2500128746032715,13344,13344,145067
5,[1,1,1,8,32]
0.045036107301712036,25281,1407,159460
5,[1,1,1,16,1]
0.25001537799835205,13344,13344,135625
5,[1,1,1,16,2]
0.04260015860199928,25336,1352,129469
5,[1,1,1,16,4]
0.25001800060272217,13344,13344,126433
5,[1,1,1,16,8]
0.2500106394290924,13344,13344,131593
5,[1,1,1,16,16]
0.250010222196579,13344,13344,138853
5,[1,1,1,16,32]
0.25001290440559387,13344,13344,155016
5,[1,1,1,32,1]
0.25001463294029236,13344,13344,133978
5,[1,1,1,32,2]
0.2500041723251343,13344,13344,135210
5,[1,1,1,32,4]
0.2500099837779999,13344,13344,140509
5,[1,1,1,32,8]
0.04251360520720482,25336,1352,149559
5,[1,1,1,32,16]
0.25001537799835205,13344,13344,156470
5,[1,1,1,32,32]
0.2500191926956177,13344,13344,180782
5,[1,1,2,1,1]
0.25001463294029236,13344,13344,124029
5,[1,1,2,1,2]
0.25001391768455505,13344,13344,125534
5,[1,1,2,1,4]
0.04245956242084503,25336,1352,127077
5,[1,1,2,1,8]
0.25001147389411926,13344,13344,128952
5,[1,1,2,1,16]
0.24998226761817932,13344,13344,127644
5,[1,1,2,1,32]
0.2500162720680237,13344,13344,137492
5,[1,1,2,2,1]
0.2500079572200775,13344,13344,123163
5,[1,1,2,2,2]
0.250014066696167,13344,13344,124878
5,[1,1,2,2,4]
0.2500186860561371,13344,13344,125570
5,[1,1,2,2,8]
0.2500093877315521,13344,13344,127483
5,[1,1,2,2,16]
0.2500109076499939,13344,13344,132714
5,[1,1,2,2,32]
0.25001418590545654,13344,13344,138651
5,[1,1,2,4,1]
0.2500154674053192,13344,13344,127082
5,[1,1,2,4,2]
0.042642202228307724,25336,1352,131480
5,[1,1,2,4,4]
0.25000569224357605,13344,13344,129655
5,[1,1,2,4,8]
0.25000011920928955,13344,13344,130302
5,[1,1,2,4,16]
0.25001463294029236,13344,13344,127105
5,[1,1,2,4,32]
0.2500128149986267,13344,13344,136668
5,[1,1,2,8,1]
0.2500115931034088,13344,13344,130510
5,[1,1,2,8,2]
0.2500147223472595,13344,13344,129733
5,[1,1,2,8,4]
0.2500084638595581,13344,13344,132842
5,[1,1,2,8,8]
0.2500152587890625,13344,13344,134833
5,[1,1,2,8,16]
0.25000065565109253,13344,13344,137846
5,[1,1,2,8,32]
0.25001806020736694,13344,13344,148904
5,[1,1,2,16,1]
0.25001147389411926,13344,13344,133317
5,[1,1,2,16,2]
0.2500144839286804,13344,13344,133694
5,[1,1,2,16,4]
0.2500075697898865,13344,13344,135956
5,[1,1,2,16,8]
0.2500097453594208,13344,13344,138962
5,[1,1,2,16,16]
0.250004380941391,13344,13344,146561
5,[1,1,2,16,32]
0.2500165104866028,13344,13344,160902
5,[1,1,2,32,1]
0.25001266598701477,13344,13344,141753
5,[1,1,2,32,2]
0.25000834465026855,13344,13344,142967
5,[1,1,2,32,4]
0.250019371509552,13344,13344,144475
5,[1,1,2,32,8]
0.250018835067749,13344,13344,150657
5,[1,1,2,32,16]
0.2500189244747162,13344,13344,162188
5,[1,1,2,32,32]
0.25001591444015503,13344,13344,184677
5,[1,1,4,1,1]
0.2500130236148834,13344,13344,126955
5,[1,1,4,1,2]
0.25002002716064453,13344,13344,126328
5,[1,1,4,1,4]
0.25001609325408936,13344,13344,129644
5,[1,1,4,1,8]
0.04243527352809906,25336,1352,130393
5,[1,1,4,1,16]
0.2500097155570984,13344,13344,133691
5,[1,1,4,1,32]
0.042526308447122574,25336,1352,142533
5,[1,1,4,2,1]
0.25000715255737305,13344,13344,128529
5,[1,1,4,2,2]
0.25001832842826843,13344,13344,127343
5,[1,1,4,2,4]
0.2500027120113373,13344,13344,128426
5,[1,1,4,2,8]
0.2500116229057312,13344,13344,134827
5,[1,1,4,2,16]
0.25001421570777893,13344,13344,139768
5,[1,1,4,2,32]
0.2500187158584595,13344,13344,145788
5,[1,1,4,4,1]
0.2500132620334625,13344,13344,132784
5,[1,1,4,4,2]
0.2500145435333252,13344,13344,134033
5,[1,1,4,4,4]
0.2500118911266327,13344,13344,134333
5,[1,1,4,4,8]
0.24228063225746155,14148,12540,142838
5,[1,1,4,4,16]
0.2500097155570984,13344,13344,146478
5,[1,1,4,4,32]
0.2422776222229004,14148,12540,157108
5,[1,1,4,8,1]
0.25001344084739685,13344,13344,139953
5,[1,1,4,8,2]
0.250007688999176,13344,13344,140712
5,[1,1,4,8,4]
0.042552005499601364,25336,1352,144522
5,[1,1,4,8,8]
0.25001510977745056,13344,13344,143194
5,[1,1,4,8,16]
0.2500152289867401,13344,13344,156698
5,[1,1,4,8,32]
0.2500123083591461,13344,13344,165731
5,[1,1,4,16,1]
0.25001466274261475,13344,13344,150424
5,[1,1,4,16,2]
0.2500106990337372,13344,13344,151272
5,[1,1,4,16,4]
0.2500142753124237,13344,13344,154770
5,[1,1,4,16,8]
0.127488911151886,22401,4287,161023
5,[1,1,4,16,16]
0.2500162124633789,13344,13344,164254
5,[1,1,4,16,32]
0.04476144164800644,25286,1402,186157
5,[1,1,4,32,1]
0.2500138580799103,13344,13344,159320
5,[1,1,4,32,2]
0.04249344393610954,25336,1352,162015
5,[1,1,4,32,4]
0.250001460313797,13344,13344,158897
5,[1,1,4,32,8]
0.25001904368400574,13344,13344,157563
5,[1,1,4,32,16]
0.2500111758708954,13344,13344,167842
5,[1,1,4,32,32]
0.12958717346191406,22203,4485,198561
5,[1,1,8,1,1]
0.2500169277191162,13344,13344,132815
5,[1,1,8,1,2]
0.2500159442424774,13344,13344,138896
5,[1,1,8,1,4]
0.04241740703582764,25336,1352,135712
5,[1,1,8,1,8]
0.042591169476509094,25334,1354,138058
5,[1,1,8,1,16]
0.25001588463783264,13344,13344,138791
5,[1,1,8,1,32]
0.2500118315219879,13344,13344,147239
5,[1,1,8,2,1]
0.04247470572590828,25336,1352,136016
5,[1,1,8,2,2]
0.25000789761543274,13344,13344,135580
5,[1,1,8,2,4]
0.04252447187900543,25336,1352,138235
5,[1,1,8,2,8]
0.25000277161598206,13344,13344,140245
5,[1,1,8,2,16]
0.04251575842499733,25336,1352,145573
5,[1,1,8,2,32]
0.2500144839286804,13344,13344,152996
5,[1,1,8,4,1]
0.25001412630081177,13344,13344,139978
5,[1,1,8,4,2]
0.22860227525234222,15639,11049,140634
5,[1,1,8,4,4]
0.2500118911266327,13344,13344,151511
5,[1,1,8,4,8]
0.25001055002212524,13344,13344,152811
5,[1,1,8,4,16]
0.0424838662147522,25336,1352,160556
5,[1,1,8,4,32]
0.04239633306860924,25337,1351,169710
5,[1,1,8,8,1]
0.2500127851963043,13344,13344,150092
5,[1,1,8,8,2]
0.04243411123752594,25336,1352,152195
5,[1,1,8,8,4]
0.04243934154510498,25336,1352,153198
5,[1,1,8,8,8]
0.2286071628332138,15639,11049,155564
5,[1,1,8,8,16]
0.04247540980577469,25336,1352,160875
5,[1,1,8,8,32]
0.2500167489051819,13344,13344,167725
5,[1,1,8,16,1]
0.2500135898590088,13344,13344,152246
5,[1,1,8,16,2]
0.2500166594982147,13344,13344,154526
5,[1,1,8,16,4]
0.2500148415565491,13344,13344,157602
5,[1,1,8,16,8]
0.04247149080038071,25336,1352,167058
5,[1,1,8,16,16]
0.25001588463783264,13344,13344,170933
5,[1,1,8,16,32]
0.042429327964782715,25337,1351,192916
5,[1,1,8,32,1]
0.2500097155570984,13344,13344,166845
5,[1,1,8,32,2]
0.250013530254364,13344,13344,168594
5,[1,1,8,32,4]
0.04252449795603752,25336,1352,174586
5,[1,1,8,32,8]
0.11386178433895111,22963,3725,181010
5,[1,1,8,32,16]
0.10568510740995407,23283,3405,194554
5,[1,1,8,32,32]
0.04235764592885971,25337,1351,219667
5,[1,1,16,1,1]
0.2500112056732178,13344,13344,149567
5,[1,1,16,1,2]
0.2500111758708954,13344,13344,149608
5,[1,1,16,1,4]
0.25001880526542664,13344,13344,150813
5,[1,1,16,1,8]
0.25001412630081177,13344,13344,152485
5,[1,1,16,1,16]
0.2500198483467102,13344,13344,155229
5,[1,1,16,1,32]
0.0702797919511795,24506,2182,166203
5,[1,1,16,2,1]
0.2500118315219879,13344,13344,150431
5,[1,1,16,2,2]
0.2500152885913849,13344,13344,152621
5,[1,1,16,2,4]
0.250004380941391,13344,13344,152829
5,[1,1,16,2,8]
0.2500172555446625,13344,13344,153877
5,[1,1,16,2,16]
0.2500159740447998,13344,13344,157778
5,[1,1,16,2,32]
0.04244840517640114,25336,1352,169428
5,[1,1,16,4,1]
0.250016987323761,13344,13344,152801
5,[1,1,16,4,2]
0.25000929832458496,13344,13344,153635
5,[1,1,16,4,4]
0.2500153183937073,13344,13344,154062
5,[1,1,16,4,8]
0.2500135600566864,13344,13344,156773
5,[1,1,16,4,16]
0.04246263951063156,25336,1352,163676
5,[1,1,16,4,32]
0.25001880526542664,13344,13344,168465
5,[1,1,16,8,1]
0.2500118017196655,13344,13344,156807
5,[1,1,16,8,2]
0.07024481892585754,24506,2182,158187
5,[1,1,16,8,4]
0.2500118911266327,13344,13344,158213
5,[1,1,16,8,8]
0.04242942854762077,25336,1352,163481
5,[1,1,16,8,16]
0.2499927282333374,13344,13344,165774
5,[1,1,16,8,32]
0.25000935792922974,13344,13344,176003
5,[1,1,16,16,1]
0.2500118315219879,13344,13344,164075
5,[1,1,16,16,2]
0.25001174211502075,13344,13344,166136
5,[1,1,16,16,4]
0.250013142824173,13344,13344,166620
5,[1,1,16,16,8]
0.2500196695327759,13344,13344,165517
5,[1,1,16,16,16]
0.042431969195604324,25336,1352,165305
5,[1,1,16,16,32]
0.1139143705368042,22963,3725,180520
5,[1,1,16,32,1]
0.042549360543489456,25336,1352,165866
5,[1,1,16,32,2]
0.04261087626218796,25334,1354,168417
5,[1,1,16,32,4]
0.2422766536474228,14148,12540,169145
5,[1,1,16,32,8]
0.2500187158584595,13344,13344,172982
5,[1,1,16,32,16]
0.2500121295452118,13344,13344,182849
5,[1,1,16,32,32]
0.2500135600566864,13344,13344,203512
5,[1,1,32,1,1]
0.25001126527786255,13344,13344,144751
5,[1,1,32,1,2]
0.25000670552253723,13344,13344,145392
5,[1,1,32,1,4]
0.25001776218414307,13344,13344,145544
5,[1,1,32,1,8]
0.25001174211502075,13344,13344,149186
5,[1,1,32,1,16]
0.04250098392367363,25336,1352,155499
5,[1,1,32,1,32]
0.250016987323761,13344,13344,159088
5,[1,1,32,2,1]
0.250007688999176,13344,13344,148597
5,[1,1,32,2,2]
0.25001260638237,13344,13344,150538
5,[1,1,32,2,4]
0.25001055002212524,13344,13344,167098
5,[1,1,32,2,8]
0.2500181496143341,13344,13344,168816
5,[1,1,32,2,16]
0.042610589414834976,25336,1352,176238
5,[1,1,32,2,32]
0.05674336850643158,24572,2116,183153
5,[1,1,32,4,1]
0.25000765919685364,13344,13344,167457
5,[1,1,32,4,2]
0.25001436471939087,13344,13344,167826
5,[1,1,32,4,4]
0.2500113844871521,13344,13344,168462
5,[1,1,32,4,8]
0.25001800060272217,13344,13344,170987
5,[1,1,32,4,16]
0.2286057472229004,15639,11049,179614
5,[1,1,32,4,32]
0.2500191330909729,13344,13344,182847
5,[1,1,32,8,1]
0.2500188946723938,13344,13344,172329
5,[1,1,32,8,2]
0.25000080466270447,13344,13344,174393
5,[1,1,32,8,4]
0.042478132992982864,25336,1352,179799
5,[1,1,32,8,8]
0.2500164210796356,13344,13344,178627
5,[1,1,32,8,16]
0.04240024462342262,25337,1351,187477
5,[1,1,32,8,32]
0.2500149607658386,13344,13344,191402
5,[1,1,32,16,1]
0.04263710230588913,25336,1352,186808
5,[1,1,32,16,2]
0.2500092387199402,13344,13344,184008
5,[1,1,32,16,4]
0.25001606345176697,13344,13344,185891
5,[1,1,32,16,8]
0.07031549513339996,24506,2182,194484
5,[1,1,32,16,16]
0.25001952052116394,13344,13344,194395
5,[1,1,32,16,32]
0.25001394748687744,13344,13344,207468
5,[1,1,32,32,1]
0.04252108931541443,25336,1352,210604
5,[1,1,32,32,2]
0.2500111758708954,13344,13344,199524
5,[1,1,32,32,4]
0.22861628234386444,15639,11049,208887
5,[1,1,32,32,8]
0.2500164210796356,13344,13344,204990
5,[1,1,32,32,16]
0.04235661402344704,25337,1351,220645
5,[1,1,32,32,32]
0.2500153183937073,13344,13344,225633
5,[1,2,1,1,1]
0.2500132918357849,13344,13344,134174
5,[1,2,1,1,2]
0.2500116229057312,13344,13344,134268
5,[1,2,1,1,4]
0.2500128746032715,13344,13344,136402
5,[1,2,1,1,8]
0.25001874566078186,13344,13344,137676
5,[1,2,1,1,16]
0.25001028180122375,13344,13344,140901
5,[1,2,1,1,32]
0.2500152587890625,13344,13344,147960
5,[1,2,1,2,1]
0.2500086724758148,13344,13344,137578
5,[1,2,1,2,2]
0.2500172555446625,13344,13344,138149
5,[1,2,1,2,4]
0.25001290440559387,13344,13344,138469
5,[1,2,1,2,8]
0.2500164210796356,13344,13344,140998
5,[1,2,1,2,16]
0.2500130832195282,13344,13344,144310
5,[1,2,1,2,32]
0.04250941053032875,25336,1352,153383
5,[1,2,1,4,1]
0.25001442432403564,13344,13344,140518
5,[1,2,1,4,2]
0.2500164210796356,13344,13344,140789
5,[1,2,1,4,4]
0.25001391768455505,13344,13344,141812
5,[1,2,1,4,8]
0.2500072121620178,13344,13344,144443
5,[1,2,1,4,16]
0.25001582503318787,13344,13344,147652
5,[1,2,1,4,32]
0.25001153349876404,13344,13344,155545
5,[1,2,1,8,1]
0.2500111758708954,13344,13344,142566
5,[1,2,1,8,2]
0.2500123381614685,13344,13344,142963
5,[1,2,1,8,4]
0.04246877506375313,25336,1352,146297
5,[1,2,1,8,8]
0.25001490116119385,13344,13344,146670
5,[1,2,1,8,16]
0.2500151991844177,13344,13344,153231
5,[1,2,1,8,32]
0.2500177323818207,13344,13344,161753
5,[1,2,1,16,1]
0.2500179708003998,13344,13344,145962
5,[1,2,1,16,2]
0.2500133812427521,13344,13344,147629
5,[1,2,1,16,4]
0.24228371679782867,14148,12540,150476
5,[1,2,1,16,8]
0.2500113844871521,13344,13344,151989
5,[1,2,1,16,16]
0.2500152587890625,13344,13344,158199
5,[1,2,1,16,32]
0.2500168979167938,13344,13344,172889
5,[1,2,1,32,1]
0.2500128746032715,13344,13344,153065
5,[1,2,1,32,2]
0.2500089108943939,13344,13344,154802
5,[1,2,1,32,4]
0.042547423392534256,25336,1352,160455
5,[1,2,1,32,8]
0.04256150871515274,25336,1352,166000
5,[1,2,1,32,16]
0.25001537799835205,13344,13344,172279
5,[1,2,1,32,32]
0.2500118017196655,13344,13344,193504
5,[1,2,2,1,1]
0.250014990568161,13344,13344,142390
5,[1,2,2,1,2]
0.25001275539398193,13344,13344,141642
5,[1,2,2,1,4]
0.04249988868832588,25336,1352,143406
5,[1,2,2,1,8]
0.25001266598701477,13344,13344,144687
5,[1,2,2,1,16]
0.250016987323761,13344,13344,147915
5,[1,2,2,1,32]
0.25001755356788635,13344,13344,155536
5,[1,2,2,2,1]
0.2500165104866028,13344,13344,142862
5,[1,2,2,2,2]
0.25001761317253113,13344,13344,143608
5,[1,2,2,2,4]
0.09410671144723892,23656,3032,145257
5,[1,2,2,2,8]
0.25001421570777893,13344,13344,146198
5,[1,2,2,2,16]
0.2500177323818207,13344,13344,150291
5,[1,2,2,2,32]
0.2500125467777252,13344,13344,157453
5,[1,2,2,4,1]
0.2500152587890625,13344,13344,145406
5,[1,2,2,4,2]
0.25001710653305054,13344,13344,146282
5,[1,2,2,4,4]
0.2500160336494446,13344,13344,157026
5,[1,2,2,4,8]
0.25001615285873413,13344,13344,159720
5,[1,2,2,4,16]
0.2500135600566864,13344,13344,160691
5,[1,2,2,4,32]
0.2500154674053192,13344,13344,168094
5,[1,2,2,8,1]
0.2500101625919342,13344,13344,153727
5,[1,2,2,8,2]
0.250015527009964,13344,13344,156005
5,[1,2,2,8,4]
0.25001755356788635,13344,13344,159678
5,[1,2,2,8,8]
0.04254058748483658,25336,1352,162545
5,[1,2,2,8,16]
0.250003844499588,13344,13344,165292
5,[1,2,2,8,32]
0.2500110864639282,13344,13344,175530
5,[1,2,2,16,1]
0.25001874566078186,13344,13344,159317
5,[1,2,2,16,2]
0.04301309213042259,25336,1352,162929
5,[1,2,2,16,4]
0.250009685754776,13344,13344,161913
5,[1,2,2,16,8]
0.04256429895758629,25336,1352,168053
5,[1,2,2,16,16]
0.25001126527786255,13344,13344,170519
5,[1,2,2,16,32]
0.0425855927169323,25334,1354,189831
5,[1,2,2,32,1]
0.2500135898590088,13344,13344,166824
5,[1,2,2,32,2]
0.07028820365667343,24506,2182,171107
5,[1,2,2,32,4]
0.2500095069408417,13344,13344,171345
5,[1,2,2,32,8]
0.04253050684928894,25336,1352,179325
5,[1,2,2,32,16]
0.04480094462633133,25286,1402,191592
5,[1,2,2,32,32]
0.04244440421462059,25336,1352,213251
5,[1,2,4,1,1]
0.2500174939632416,13344,13344,155178
5,[1,2,4,1,2]
0.25001561641693115,13344,13344,154996
5,[1,2,4,1,4]
0.0424785315990448,25336,1352,156854
5,[1,2,4,1,8]
0.25001657009124756,13344,13344,156225
5,[1,2,4,1,16]
0.2500101327896118,13344,13344,158775
5,[1,2,4,1,32]
0.2500152885913849,13344,13344,166509
5,[1,2,4,2,1]
0.04249182343482971,25336,1352,155247
5,[1,2,4,2,2]
0.2500136196613312,13344,13344,155194
5,[1,2,4,2,4]
0.25001397728919983,13344,13344,155737
5,[1,2,4,2,8]
0.2500114440917969,13344,13344,158056
5,[1,2,4,2,16]
0.04246189445257187,25336,1352,162332
5,[1,2,4,2,32]
0.2500121593475342,13344,13344,167265
5,[1,2,4,4,1]
0.25001299381256104,13344,13344,155082
5,[1,2,4,4,2]
0.2500118315219879,13344,13344,155818
5,[1,2,4,4,4]
0.25001028180122375,13344,13344,157217
5,[1,2,4,4,8]
0.042521167546510696,25336,1352,160388
5,[1,2,4,4,16]
0.2500133812427521,13344,13344,163923
5,[1,2,4,4,32]
0.25001341104507446,13344,13344,171796
5,[1,2,4,8,1]
0.2500096559524536,13344,13344,157850
5,[1,2,4,8,2]
0.04475254565477371,25286,1402,159078
5,[1,2,4,8,4]
0.04451966658234596,25286,1402,162034
5,[1,2,4,8,8]
0.04252849891781807,25336,1352,164563
5,[1,2,4,8,16]
0.04241583123803139,25337,1351,169102
5,[1,2,4,8,32]
0.2500160038471222,13344,13344,176533
5,[1,2,4,16,1]
0.25001686811447144,13344,13344,161858
5,[1,2,4,16,2]
0.25001809000968933,13344,13344,163649
5,[1,2,4,16,4]
0.2500157654285431,13344,13344,165673
5,[1,2,4,16,8]
0.07398264855146408,23732,2956,170158
5,[1,2,4,16,16]
0.25001397728919983,13344,13344,173388
5,[1,2,4,16,32]
0.04251576215028763,25336,1352,191407
5,[1,2,4,32,1]
0.2500150203704834,13344,13344,168430
5,[1,2,4,32,2]
0.2500148117542267,13344,13344,169972
5,[1,2,4,32,4]
0.2500169277191162,13344,13344,171618
5,[1,2,4,32,8]
0.04239782691001892,25336,1352,181462
5,[1,2,4,32,16]
0.042462971061468124,25336,1352,193243
5,[1,2,4,32,32]
0.2500172257423401,13344,13344,211928
5,[1,2,8,1,1]
0.2500086724758148,13344,13344,155477
5,[1,2,8,1,2]
0.25000759959220886,13344,13344,156485
5,[1,2,8,1,4]
0.2500036954879761,13344,13344,157041
5,[1,2,8,1,8]
0.25001463294029236,13344,13344,157729
5,[1,2,8,1,16]
0.250014990568161,13344,13344,163143
5,[1,2,8,1,32]
0.042520422488451004,25336,1352,172448
5,[1,2,8,2,1]
0.2500147521495819,13344,13344,158779
5,[1,2,8,2,2]
0.042514216154813766,25336,1352,159640
5,[1,2,8,2,4]
0.04251420497894287,25336,1352,160038
5,[1,2,8,2,8]
0.2500087320804596,13344,13344,161295
5,[1,2,8,2,16]
0.24999688565731049,13344,13344,164037
5,[1,2,8,2,32]
0.04249059408903122,25336,1352,174290
5,[1,2,8,4,1]
0.25001442432403564,13344,13344,159881
5,[1,2,8,4,2]
0.2500103712081909,13344,13344,159934
5,[1,2,8,4,4]
0.25001609325408936,13344,13344,169877
5,[1,2,8,4,8]
0.07030212134122849,24506,2182,172464
5,[1,2,8,4,16]
0.042623285204172134,25337,1351,176196
5,[1,2,8,4,32]
0.2500168979167938,13344,13344,181657
5,[1,2,8,8,1]
0.25001516938209534,13344,13344,169076
5,[1,2,8,8,2]
0.042462848126888275,25336,1352,170992
5,[1,2,8,8,4]
0.25001317262649536,13344,13344,171427
5,[1,2,8,8,8]
0.04242092743515968,25336,1352,175977
5,[1,2,8,8,16]
0.04237591102719307,25336,1352,181097
5,[1,2,8,8,32]
0.04525256156921387,25284,1404,192211
5,[1,2,8,16,1]
0.2500177025794983,13344,13344,172979
5,[1,2,8,16,2]
0.25001296401023865,13344,13344,175491
5,[1,2,8,16,4]
0.04241950809955597,25336,1352,179546
5,[1,2,8,16,8]
0.04243721440434456,25336,1352,182458
5,[1,2,8,16,16]
0.04596105217933655,25281,1407,189476
5,[1,2,8,16,32]
0.04515092819929123,25284,1404,205022
5,[1,2,8,32,1]
0.2500147223472595,13344,13344,183183
5,[1,2,8,32,2]
0.04478274658322334,25286,1402,188893
5,[1,2,8,32,4]
0.0425775907933712,25336,1352,190518
5,[1,2,8,32,8]
0.12957802414894104,22203,4485,196507
5,[1,2,8,32,16]
0.04231465980410576,25337,1351,209032
5,[1,2,8,32,32]
0.04520886391401291,25284,1404,231816
5,[1,2,16,1,1]
0.07061074674129486,24506,2182,169491
5,[1,2,16,1,2]
0.2500069737434387,13344,13344,169303
5,[1,2,16,1,4]
0.25001493096351624,13344,13344,169203
5,[1,2,16,1,8]
0.042516253888607025,25336,1352,172568
5,[1,2,16,1,16]
0.25001055002212524,13344,13344,173219
5,[1,2,16,1,32]
0.042565397918224335,25336,1352,183781
5,[1,2,16,2,1]
0.2500135898590088,13344,13344,169904
5,[1,2,16,2,2]
0.25001755356788635,13344,13344,170765
5,[1,2,16,2,4]
0.2500135004520416,13344,13344,173640
5,[1,2,16,2,8]
0.250008761882782,13344,13344,172844
5,[1,2,16,2,16]
0.25001370906829834,13344,13344,175875
5,[1,2,16,2,32]
0.04233073070645332,25337,1351,187576
5,[1,2,16,4,1]
0.2500157654285431,13344,13344,172514
5,[1,2,16,4,2]
0.2500065863132477,13344,13344,172778
5,[1,2,16,4,4]
0.04248454421758652,25336,1352,175036
5,[1,2,16,4,8]
0.042453914880752563,25336,1352,178669
5,[1,2,16,4,16]
0.25001662969589233,13344,13344,178635
5,[1,2,16,4,32]
0.2500063478946686,13344,13344,188310
5,[1,2,16,8,1]
0.2500053346157074,13344,13344,174303
5,[1,2,16,8,2]
0.04249783605337143,25336,1352,177110
5,[1,2,16,8,4]
0.25001224875450134,13344,13344,176394
5,[1,2,16,8,8]
0.042413268238306046,25336,1352,181583
5,[1,2,16,8,16]
0.04408012703061104,25287,1401,186308
5,[1,2,16,8,32]
0.12957726418972015,22203,4485,197514
5,[1,2,16,16,1]
0.2500171363353729,13344,13344,181830
5,[1,2,16,16,2]
0.05142463371157646,24720,1968,185126
5,[1,2,16,16,4]
0.2500157356262207,13344,13344,184433
5,[1,2,16,16,8]
0.1007268875837326,23406,3282,190618
5,[1,2,16,16,16]
0.04251391813158989,25334,1354,198472
5,[1,2,16,16,32]
0.07085240632295609,24017,2671,214021
5,[1,2,16,32,1]
0.2500098645687103,13344,13344,195274
5,[1,2,16,32,2]
0.047793302685022354,25286,1402,199633
5,[1,2,16,32,4]
0.2500161826610565,13344,13344,198981
5,[1,2,16,32,8]
0.2422967553138733,14148,12540,207318
5,[1,2,16,32,16]
0.2500067949295044,13344,13344,212327
5,[1,2,16,32,32]
0.04228948801755905,25336,1352,243269
5,[1,2,32,1,1]
0.2500152587890625,13344,13344,173545
5,[1,2,32,1,2]
0.2500114142894745,13344,13344,176533
5,[1,2,32,1,4]
0.2500021457672119,13344,13344,176923
5,[1,2,32,1,8]
0.2500128448009491,13344,13344,178459
5,[1,2,32,1,16]
0.2500186264514923,13344,13344,179735
5,[1,2,32,1,32]
0.042489346116781235,25336,1352,192340
5,[1,2,32,2,1]
0.25001731514930725,13344,13344,176366
5,[1,2,32,2,2]
0.2500118613243103,13344,13344,175604
5,[1,2,32,2,4]
0.2500154376029968,13344,13344,177590
5,[1,2,32,2,8]
0.2500085234642029,13344,13344,178156
5,[1,2,32,2,16]
0.2500151991844177,13344,13344,184045
5,[1,2,32,2,32]
0.2500145435333252,13344,13344,189612
5,[1,2,32,4,1]
0.25001800060272217,13344,13344,180008
5,[1,2,32,4,2]
0.25001558661460876,13344,13344,178724
5,[1,2,32,4,4]
0.04251551628112793,25336,1352,183426
5,[1,2,32,4,8]
0.1138605922460556,22963,3725,186047
5,[1,2,32,4,16]
0.04249126464128494,25333,1355,189362
5,[1,2,32,4,32]
0.04245969280600548,25336,1352,198372
5,[1,2,32,8,1]
0.2500171959400177,13344,13344,186081
5,[1,2,32,8,2]
0.04247504472732544,25336,1352,187121
5,[1,2,32,8,4]
0.042459528893232346,25336,1352,189883
5,[1,2,32,8,8]
0.24999724328517914,13344,13344,187042
5,[1,2,32,8,16]
0.09154510498046875,23653,3035,197093
5,[1,2,32,8,32]
0.2500148415565491,13344,13344,201798
5,[1,2,32,16,1]
0.2500115633010864,13344,13344,193511
5,[1,2,32,16,2]
0.04259016737341881,25336,1352,199994
5,[1,2,32,16,4]
0.2500090003013611,13344,13344,200352
5,[1,2,32,16,8]
0.04257635772228241,25335,1353,205549
5,[1,2,32,16,16]
0.25000935792922974,13344,13344,205304
5,[1,2,32,16,32]
0.04264051467180252,25336,1352,226863
5,[1,2,32,32,1]
0.042492497712373734,25336,1352,222111
5,[1,2,32,32,2]
0.2500132918357849,13344,13344,215077
5,[1,2,32,32,4]
0.2500053942203522,13344,13344,205359
5,[1,2,32,32,8]
0.043932605534791946,25287,1401,215408
5,[1,2,32,32,16]
0.22338683903217316,15909,10779,222973
5,[1,2,32,32,32]
0.042374543845653534,25337,1351,244899
5,[1,4,1,1,1]
0.250016987323761,13344,13344,139933
5,[1,4,1,1,2]
0.25001516938209534,13344,13344,139217
5,[1,4,1,1,4]
0.2500075399875641,13344,13344,140002
5,[1,4,1,1,8]
0.04286691173911095,25336,1352,143709
5,[1,4,1,1,16]
0.2500172257423401,13344,13344,145347
5,[1,4,1,1,32]
0.2500111162662506,13344,13344,152675
5,[1,4,1,2,1]
0.25001755356788635,13344,13344,140675
5,[1,4,1,2,2]
0.25001558661460876,13344,13344,141266
5,[1,4,1,2,4]
0.25001460313796997,13344,13344,141406
5,[1,4,1,2,8]
0.04248124733567238,25336,1352,143608
5,[1,4,1,2,16]
0.2500123977661133,13344,13344,147006
5,[1,4,1,2,32]
0.25001296401023865,13344,13344,154741
5,[1,4,1,4,1]
0.25001803040504456,13344,13344,142113
5,[1,4,1,4,2]
0.04245492070913315,25336,1352,143536
5,[1,4,1,4,4]
0.04246608912944794,25336,1352,144299
5,[1,4,1,4,8]
0.22860871255397797,15639,11049,147230
5,[1,4,1,4,16]
0.2500123083591461,13344,13344,150762
5,[1,4,1,4,32]
0.2500169277191162,13344,13344,157699
5,[1,4,1,8,1]
0.2500116229057312,13344,13344,144454
5,[1,4,1,8,2]
0.25001323223114014,13344,13344,145243
5,[1,4,1,8,4]
0.2500118315219879,13344,13344,147007
5,[1,4,1,8,8]
0.04251719266176224,25336,1352,150814
5,[1,4,1,8,16]
0.25001609325408936,13344,13344,153698
5,[1,4,1,8,32]
0.25000378489494324,13344,13344,165167
5,[1,4,1,16,1]
0.2500171661376953,13344,13344,147158
5,[1,4,1,16,2]
0.25000858306884766,13344,13344,150541
5,[1,4,1,16,4]
0.25001636147499084,13344,13344,150833
5,[1,4,1,16,8]
0.2500123083591461,13344,13344,154683
5,[1,4,1,16,16]
0.2500176727771759,13344,13344,160605
5,[1,4,1,16,32]
0.25001588463783264,13344,13344,176272
5,[1,4,1,32,1]
0.25001564621925354,13344,13344,154793
5,[1,4,1,32,2]
0.2500040531158447,13344,13344,158866
5,[1,4,1,32,4]
0.2500172257423401,13344,13344,158476
5,[1,4,1,32,8]
0.2500152587890625,13344,13344,163428
5,[1,4,1,32,16]
0.25001493096351624,13344,13344,175400
5,[1,4,1,32,32]
0.2500075399875641,13344,13344,195642
5,[1,4,2,1,1]
0.250021755695343,13344,13344,143883
5,[1,4,2,1,2]
0.25000932812690735,13344,13344,143919
5,[1,4,2,1,4]
0.25001683831214905,13344,13344,145135
5,[1,4,2,1,8]
0.04488291218876839,25286,1402,147655
5,[1,4,2,1,16]
0.2500165104866028,13344,13344,148959
5,[1,4,2,1,32]
0.2500092685222626,13344,13344,157594
5,[1,4,2,2,1]
0.2500079572200775,13344,13344,145643
5,[1,4,2,2,2]
0.25001996755599976,13344,13344,146150
5,[1,4,2,2,4]
0.24228495359420776,14148,12540,147151
5,[1,4,2,2,8]
0.25002044439315796,13344,13344,148353
5,[1,4,2,2,16]
0.07028087973594666,24506,2182,154021
5,[1,4,2,2,32]
0.04245404899120331,25336,1352,161274
5,[1,4,2,4,1]
0.2500191628932953,13344,13344,146279
5,[1,4,2,4,2]
0.24999427795410156,13344,13344,146272
5,[1,4,2,4,4]
0.250007688999176,13344,13344,148688
5,[1,4,2,4,8]
0.250016987323761,13344,13344,150572
5,[1,4,2,4,16]
0.04260019585490227,25336,1352,156877
5,[1,4,2,4,32]
0.0424935407936573,25336,1352,165974
5,[1,4,2,8,1]
0.2500147521495819,13344,13344,148490
5,[1,4,2,8,2]
0.2500087320804596,13344,13344,151264
5,[1,4,2,8,4]
0.2500159442424774,13344,13344,152402
5,[1,4,2,8,8]
0.042486194521188736,25336,1352,159682
5,[1,4,2,8,16]
0.04253128543496132,25336,1352,164257
5,[1,4,2,8,32]
0.25001588463783264,13344,13344,172370
5,[1,4,2,16,1]
0.2500168979167938,13344,13344,155618
5,[1,4,2,16,2]
0.25001147389411926,13344,13344,157756
5,[1,4,2,16,4]
0.04240763187408447,25336,1352,162652
5,[1,4,2,16,8]
0.2500080466270447,13344,13344,162858
5,[1,4,2,16,16]
0.07032657414674759,24506,2182,172156
5,[1,4,2,16,32]
0.04413401335477829,25286,1402,189122
5,[1,4,2,32,1]
0.2500116527080536,13344,13344,166044
5,[1,4,2,32,2]
0.0703248530626297,24506,2182,168950
5,[1,4,2,32,4]
0.042497724294662476,25336,1352,171288
5,[1,4,2,32,8]
0.250009149312973,13344,13344,172352
5,[1,4,2,32,16]
0.2500135600566864,13344,13344,187654
5,[1,4,2,32,32]
0.0702105313539505,24506,2182,212588
5,[1,4,4,1,1]
0.25001436471939087,13344,13344,150210
5,[1,4,4,1,2]
0.04243956133723259,25336,1352,150695
5,[1,4,4,1,4]
0.04243519902229309,25336,1352,152819
5,[1,4,4,1,8]
0.04290621355175972,25336,1352,155603
5,[1,4,4,1,16]
0.2500166893005371,13344,13344,157338
5,[1,4,4,1,32]
0.2500121295452118,13344,13344,164198
5,[1,4,4,2,1]
0.2500028610229492,13344,13344,152357
5,[1,4,4,2,2]
0.04255164787173271,25336,1352,153229
5,[1,4,4,2,4]
0.25001245737075806,13344,13344,154433
5,[1,4,4,2,8]
0.04244373366236687,25336,1352,156172
5,[1,4,4,2,16]
0.2500121295452118,13344,13344,157850
5,[1,4,4,2,32]
0.2500082552433014,13344,13344,164250
5,[1,4,4,4,1]
0.25001415610313416,13344,13344,151263
5,[1,4,4,4,2]
0.25001293420791626,13344,13344,152112
5,[1,4,4,4,4]
0.0702945813536644,24506,2182,153268
5,[1,4,4,4,8]
0.04244374483823776,25336,1352,163498
5,[1,4,4,4,16]
0.25001341104507446,13344,13344,170908
5,[1,4,4,4,32]
0.07032955437898636,24506,2182,175667
5,[1,4,4,8,1]
0.042505472898483276,25336,1352,160623
5,[1,4,4,8,2]
0.24228763580322266,14148,12540,163771
5,[1,4,4,8,4]
0.2500079274177551,13344,13344,177011
5,[1,4,4,8,8]
0.12953823804855347,22203,4485,169701
5,[1,4,4,8,16]
0.25001922249794006,13344,13344,171346
5,[1,4,4,8,32]
0.250016987323761,13344,13344,184295
5,[1,4,4,16,1]
0.25001609325408936,13344,13344,169945
5,[1,4,4,16,2]
0.2500118017196655,13344,13344,177325
5,[1,4,4,16,4]
0.042516592890024185,25336,1352,168286
5,[1,4,4,16,8]
0.04247649386525154,25336,1352,171339
5,[1,4,4,16,16]
0.10577312111854553,23408,3280,180582
5,[1,4,4,16,32]
0.042470816522836685,25336,1352,194425
5,[1,4,4,32,1]
0.04250244423747063,25336,1352,173537
5,[1,4,4,32,2]
0.2500111162662506,13344,13344,179524
5,[1,4,4,32,4]
0.042523253709077835,25336,1352,186531
5,[1,4,4,32,8]
0.25001469254493713,13344,13344,182387
5,[1,4,4,32,16]
0.2500106394290924,13344,13344,189892
5,[1,4,4,32,32]
0.24760845303535461,13615,13073,229572
5,[1,4,8,1,1]
0.25000858306884766,13344,13344,158083
5,[1,4,8,1,2]
0.2500169575214386,13344,13344,158958
5,[1,4,8,1,4]
0.250012069940567,13344,13344,162971
5,[1,4,8,1,8]
0.2500115931034088,13344,13344,168771
5,[1,4,8,1,16]
0.25001630187034607,13344,13344,170767
5,[1,4,8,1,32]
0.2500150501728058,13344,13344,177674
5,[1,4,8,2,1]
0.25001177191734314,13344,13344,160230
5,[1,4,8,2,2]
0.25001296401023865,13344,13344,164131
5,[1,4,8,2,4]
0.2500154674053192,13344,13344,165027
5,[1,4,8,2,8]
0.250009149312973,13344,13344,165782
5,[1,4,8,2,16]
0.24228234589099884,14148,12540,171136
5,[1,4,8,2,32]
0.2500187158584595,13344,13344,177584
5,[1,4,8,4,1]
0.2500211000442505,13344,13344,165509
5,[1,4,8,4,2]
0.04248713329434395,25336,1352,186347
5,[1,4,8,4,4]
0.2500227093696594,13344,13344,185684
5,[1,4,8,4,8]
0.25001096725463867,13344,13344,187130
5,[1,4,8,4,16]
0.04254603013396263,25336,1352,193249
5,[1,4,8,4,32]
0.07041190564632416,24506,2182,203968
5,[1,4,8,8,1]
0.042457617819309235,25336,1352,187549
5,[1,4,8,8,2]
0.04250236600637436,25336,1352,188057
5,[1,4,8,8,4]
0.042465001344680786,25336,1352,190048
5,[1,4,8,8,8]
0.2500104010105133,13344,13344,190708
5,[1,4,8,8,16]
0.04252861067652702,25336,1352,203706
5,[1,4,8,8,32]
0.0423579104244709,25336,1352,218163
5,[1,4,8,16,1]
0.2500168979167938,13344,13344,189783
5,[1,4,8,16,2]
0.042601894587278366,25334,1354,193855
5,[1,4,8,16,4]
0.04249860346317291,25336,1352,191011
5,[1,4,8,16,8]
0.042397137731313705,25336,1352,194617
5,[1,4,8,16,16]
0.04234391450881958,25337,1351,202382
5,[1,4,8,16,32]
0.042554594576358795,25335,1353,221119
5,[1,4,8,32,1]
0.250008225440979,13344,13344,197151
5,[1,4,8,32,2]
0.04247472062706947,25336,1352,202142
5,[1,4,8,32,4]
0.04234529286623001,25336,1352,204124
5,[1,4,8,32,8]
0.2500159442424774,13344,13344,203029
5,[1,4,8,32,16]
0.04261986166238785,25336,1352,223994
5,[1,4,8,32,32]
0.04263739660382271,25336,1352,242925
5,[1,4,16,1,1]
0.25001096725463867,13344,13344,179231
5,[1,4,16,1,2]
0.2500099837779999,13344,13344,179879
5,[1,4,16,1,4]
0.25001388788223267,13344,13344,180556
5,[1,4,16,1,8]
0.250015527009964,13344,13344,177233
5,[1,4,16,1,16]
0.25001853704452515,13344,13344,180806
5,[1,4,16,1,32]
0.2500185966491699,13344,13344,186790
5,[1,4,16,2,1]
0.04248974099755287,25336,1352,186738
5,[1,4,16,2,2]
0.2500091791152954,13344,13344,182668
5,[1,4,16,2,4]
0.25001299381256104,13344,13344,187936
5,[1,4,16,2,8]
0.2500176429748535,13344,13344,189688
5,[1,4,16,2,16]
0.2500050961971283,13344,13344,189105
5,[1,4,16,2,32]
0.04237749055027962,25337,1351,202359
5,[1,4,16,4,1]
0.25001075863838196,13344,13344,184569
5,[1,4,16,4,2]
0.250017374753952,13344,13344,183141
5,[1,4,16,4,4]
0.25001248717308044,13344,13344,182329
5,[1,4,16,4,8]
0.25000977516174316,13344,13344,182324
5,[1,4,16,4,16]
0.2500135004520416,13344,13344,187880
5,[1,4,16,4,32]
0.07034455984830856,24506,2182,200360
5,[1,4,16,8,1]
0.2500120997428894,13344,13344,194287
5,[1,4,16,8,2]
0.04253548011183739,25336,1352,194123
5,[1,4,16,8,4]
0.042399801313877106,25336,1352,190540
5,[1,4,16,8,8]
0.25000566244125366,13344,13344,191478
5,[1,4,16,8,16]
0.042396072298288345,25337,1351,194375
5,[1,4,16,8,32]
0.25001609325408936,13344,13344,200264
5,[1,4,16,16,1]
0.25000816583633423,13344,13344,189293
5,[1,4,16,16,2]
0.24771174788475037,13591,13097,192231
5,[1,4,16,16,4]
0.04253333434462547,25336,1352,195720
5,[1,4,16,16,8]
0.04260139912366867,25336,1352,199160
5,[1,4,16,16,16]
0.04236362874507904,25337,1351,208577
5,[1,4,16,16,32]
0.25001823902130127,13344,13344,218920
5,[1,4,16,32,1]
0.25001391768455505,13344,13344,210955
5,[1,4,16,32,2]
0.04245676100254059,25336,1352,212549
5,[1,4,16,32,4]
0.2500128746032715,13344,13344,211875
5,[1,4,16,32,8]
0.242283895611763,14148,12540,220898
5,[1,4,16,32,16]
0.04235916957259178,25337,1351,227267
5,[1,4,16,32,32]
0.22863999009132385,15639,11049,251610
5,[1,4,32,1,1]
0.2500191926956177,13344,13344,186674
5,[1,4,32,1,2]
0.2500159442424774,13344,13344,182283
5,[1,4,32,1,4]
0.2500106394290924,13344,13344,185253
5,[1,4,32,1,8]
0.2500200867652893,13344,13344,186402
5,[1,4,32,1,16]
0.042515821754932404,25336,1352,194569
5,[1,4,32,1,32]
0.042584069073200226,25336,1352,213206
5,[1,4,32,2,1]
0.25001341104507446,13344,13344,198138
5,[1,4,32,2,2]
0.2500145435333252,13344,13344,192387
5,[1,4,32,2,4]
0.042459238320589066,25336,1352,193573
5,[1,4,32,2,8]
0.04246187582612038,25336,1352,196149
5,[1,4,32,2,16]
0.0427875891327858,25334,1354,200640
5,[1,4,32,2,32]
0.11564623564481735,22768,3920,209965
5,[1,4,32,4,1]
0.2500011622905731,13344,13344,192753
5,[1,4,32,4,2]
0.2500171363353729,13344,13344,199459
5,[1,4,32,4,4]
0.24308976531028748,14265,12423,201412
5,[1,4,32,4,8]
0.25001364946365356,13344,13344,198020
5,[1,4,32,4,16]
0.2500092387199402,13344,13344,203406
5,[1,4,32,4,32]
0.12954752147197723,22203,4485,220581
5,[1,4,32,8,1]
0.2500059902667999,13344,13344,200001
5,[1,4,32,8,2]
0.2500152587890625,13344,13344,203071
5,[1,4,32,8,4]
0.24999533593654633,13344,13344,200054
5,[1,4,32,8,8]
0.25001659989356995,13344,13344,199314
5,[1,4,32,8,16]
0.04241832345724106,25336,1352,208038
5,[1,4,32,8,32]
0.25000739097595215,13344,13344,210114
5,[1,4,32,16,1]
0.2500039041042328,13344,13344,205691
5,[1,4,32,16,2]
0.25001734495162964,13344,13344,207913
5,[1,4,32,16,4]
0.2500115633010864,13344,13344,205002
5,[1,4,32,16,8]
0.2500126361846924,13344,13344,207749
5,[1,4,32,16,16]
0.042331263422966,25337,1351,220659
5,[1,4,32,16,32]
0.2500128448009491,13344,13344,233993
5,[1,4,32,32,1]
0.2500026524066925,13344,13344,225634
5,[1,4,32,32,2]
0.2422839105129242,14148,12540,235972
5,[1,4,32,32,4]
0.04400571808218956,25287,1401,239800
5,[1,4,32,32,8]
0.04243229329586029,25337,1351,245322
5,[1,4,32,32,16]
0.04240870103240013,25337,1351,256705
5,[1,4,32,32,32]
0.07011009752750397,24506,2182,287010
5,[1,8,1,1,1]
0.25000473856925964,13344,13344,180244
5,[1,8,1,1,2]
0.25001272559165955,13344,13344,177869
5,[1,8,1,1,4]
0.2500181794166565,13344,13344,186209
5,[1,8,1,1,8]
0.25001510977745056,13344,13344,186297
5,[1,8,1,1,16]
0.25001397728919983,13344,13344,198153
5,[1,8,1,1,32]
0.04244372248649597,25336,1352,211447
5,[1,8,1,2,1]
0.04286571219563484,25336,1352,197123
5,[1,8,1,2,2]
0.250008761882782,13344,13344,191526
5,[1,8,1,2,4]
0.25001609325408936,13344,13344,187481
5,[1,8,1,2,8]
0.0424484945833683,25336,1352,181656
5,[1,8,1,2,16]
0.25000518560409546,13344,13344,180952
5,[1,8,1,2,32]
0.25001558661460876,13344,13344,189522
5,[1,8,1,4,1]
0.2500133812427521,13344,13344,176730
5,[1,8,1,4,2]
0.25001126527786255,13344,13344,177188
5,[1,8,1,4,4]
0.042496033012866974,25336,1352,179553
5,[1,8,1,4,8]
0.2500147521495819,13344,13344,181112
5,[1,8,1,4,16]
0.2500171363353729,13344,13344,185042
5,[1,8,1,4,32]
0.25000566244125366,13344,13344,192838
5,[1,8,1,8,1]
0.250017374753952,13344,13344,178112
5,[1,8,1,8,2]
0.042486052960157394,25336,1352,182579
5,[1,8,1,8,4]
0.24228143692016602,14148,12540,181996
5,[1,8,1,8,8]
0.25001469254493713,13344,13344,182828
5,[1,8,1,8,16]
0.2500094771385193,13344,13344,186950
5,[1,8,1,8,32]
0.04542538896203041,25281,1407,199338
5,[1,8,1,16,1]
0.2500147819519043,13344,13344,180007
5,[1,8,1,16,2]
0.2500128149986267,13344,13344,181778
5,[1,8,1,16,4]
0.2500118315219879,13344,13344,184077
5,[1,8,1,16,8]
0.2500050365924835,13344,13344,187040
5,[1,8,1,16,16]
0.2500115931034088,13344,13344,192805
5,[1,8,1,16,32]
0.24228209257125854,14148,12540,210586
5,[1,8,1,32,1]
0.25001487135887146,13344,13344,190860
5,[1,8,1,32,2]
0.2500157356262207,13344,13344,189740
5,[1,8,1,32,4]
0.04249607026576996,25336,1352,194680
5,[1,8,1,32,8]
0.04256444424390793,25336,1352,203970
5,[1,8,1,32,16]
0.2500160336494446,13344,13344,210188
5,[1,8,1,32,32]
0.2500140964984894,13344,13344,230007
5,[1,8,2,1,1]
0.04242905229330063,25336,1352,180157
5,[1,8,2,1,2]
0.25000691413879395,13344,13344,178398
5,[1,8,2,1,4]
0.25001680850982666,13344,13344,180591
5,[1,8,2,1,8]
0.04247875139117241,25336,1352,183046
5,[1,8,2,1,16]
0.2500188946723938,13344,13344,183764
5,[1,8,2,1,32]
0.04248204454779625,25336,1352,194641
5,[1,8,2,2,1]
0.25001847743988037,13344,13344,179920
5,[1,8,2,2,2]
0.2500162720680237,13344,13344,179193
5,[1,8,2,2,4]
0.2500137388706207,13344,13344,180450
5,[1,8,2,2,8]
0.04251563921570778,25336,1352,184069
5,[1,8,2,2,16]
0.04250767081975937,25336,1352,187795
5,[1,8,2,2,32]
0.04244986176490784,25336,1352,195420
5,[1,8,2,4,1]
0.25002238154411316,13344,13344,181912
5,[1,8,2,4,2]
0.2500150501728058,13344,13344,181147
5,[1,8,2,4,4]
0.2500171363353729,13344,13344,181741
5,[1,8,2,4,8]
0.2500207722187042,13344,13344,186505
5,[1,8,2,4,16]
0.25001245737075806,13344,13344,188221
5,[1,8,2,4,32]
0.04252346605062485,25336,1352,199972
5,[1,8,2,8,1]
0.2500151991844177,13344,13344,182402
5,[1,8,2,8,2]
0.25001469254493713,13344,13344,184553
5,[1,8,2,8,4]
0.04251236841082573,25336,1352,186836
5,[1,8,2,8,8]
0.24228505790233612,14148,12540,188077
5,[1,8,2,8,16]
0.25000816583633423,13344,13344,191783
5,[1,8,2,8,32]
0.04264162853360176,25336,1352,204863
5,[1,8,2,16,1]
0.25001171231269836,13344,13344,185056
5,[1,8,2,16,2]
0.04324549064040184,25337,1351,189376
5,[1,8,2,16,4]
0.04247190058231354,25336,1352,191927
5,[1,8,2,16,8]
0.25001469254493713,13344,13344,192166
5,[1,8,2,16,16]
0.25001031160354614,13344,13344,197106
5,[1,8,2,16,32]
0.2500191032886505,13344,13344,212268
5,[1,8,2,32,1]
0.2500086724758148,13344,13344,194045
5,[1,8,2,32,2]
0.250014990568161,13344,13344,193437
5,[1,8,2,32,4]
0.04250473901629448,25336,1352,202234
5,[1,8,2,32,8]
0.04245622828602791,25337,1351,206759
5,[1,8,2,32,16]
0.04263636842370033,25336,1352,217119
5,[1,8,2,32,32]
0.2500176429748535,13344,13344,240452
5,[1,8,4,1,1]
0.250012069940567,13344,13344,181741
5,[1,8,4,1,2]
0.25001439452171326,13344,13344,182562
5,[1,8,4,1,4]
0.25001460313796997,13344,13344,189708
5,[1,8,4,1,8]
0.2500098943710327,13344,13344,188613
5,[1,8,4,1,16]
0.25001317262649536,13344,13344,192159
5,[1,8,4,1,32]
0.25001153349876404,13344,13344,199457
5,[1,8,4,2,1]
0.24228179454803467,14148,12540,188433
5,[1,8,4,2,2]
0.2500123977661133,13344,13344,188129
5,[1,8,4,2,4]
0.25001075863838196,13344,13344,188017
5,[1,8,4,2,8]
0.2500142753124237,13344,13344,190225
5,[1,8,4,2,16]
0.04247872158885002,25336,1352,196665
5,[1,8,4,2,32]
0.042395785450935364,25336,1352,203850
5,[1,8,4,4,1]
0.2500110864639282,13344,13344,188744
5,[1,8,4,4,2]
0.2500181198120117,13344,13344,193964
5,[1,8,4,4,4]
0.25001195073127747,13344,13344,190886
5,[1,8,4,4,8]
0.2500143051147461,13344,13344,192249
5,[1,8,4,4,16]
0.04245907440781593,25336,1352,198884
5,[1,8,4,4,32]
0.04239269718527794,25336,1352,207182
5,[1,8,4,8,1]
0.2500089406967163,13344,13344,190863
5,[1,8,4,8,2]
0.2500195801258087,13344,13344,193606
5,[1,8,4,8,4]
0.0425889790058136,25334,1354,195911
5,[1,8,4,8,8]
0.07026135921478271,24506,2182,198461
5,[1,8,4,8,16]
0.2500075101852417,13344,13344,200859
5,[1,8,4,8,32]
0.04255799949169159,25336,1352,215224
5,[1,8,4,16,1]
0.2500142753124237,13344,13344,196469
5,[1,8,4,16,2]
0.042689912021160126,25334,1354,200482
5,[1,8,4,16,4]
0.2500168979167938,13344,13344,200258
5,[1,8,4,16,8]
0.25000572204589844,13344,13344,202160
5,[1,8,4,16,16]
0.042498860508203506,25336,1352,210112
5,[1,8,4,16,32]
0.25001728534698486,13344,13344,224846
5,[1,8,4,32,1]
0.04247654229402542,25336,1352,207398
5,[1,8,4,32,2]
0.25001418590545654,13344,13344,204577
5,[1,8,4,32,4]
0.2500135004520416,13344,13344,210504
5,[1,8,4,32,8]
0.2500113248825073,13344,13344,211603
5,[1,8,4,32,16]
0.2500215768814087,13344,13344,221939
5,[1,8,4,32,32]
0.04231250286102295,25337,1351,252027
5,[1,8,8,1,1]
0.2500058710575104,13344,13344,190302
5,[1,8,8,1,2]
0.25001397728919983,13344,13344,191204
5,[1,8,8,1,4]
0.25001585483551025,13344,13344,191561
5,[1,8,8,1,8]
0.04250761866569519,25336,1352,193975
5,[1,8,8,1,16]
0.2500136196613312,13344,13344,196185
5,[1,8,8,1,32]
0.04259200021624565,25336,1352,206374
5,[1,8,8,2,1]
0.2500154376029968,13344,13344,191273
5,[1,8,8,2,2]
0.2500091791152954,13344,13344,192034
5,[1,8,8,2,4]
0.04254106432199478,25336,1352,194568
5,[1,8,8,2,8]
0.04254664480686188,25336,1352,195658
5,[1,8,8,2,16]
0.2500177323818207,13344,13344,197410
5,[1,8,8,2,32]
0.25002235174179077,13344,13344,205933
5,[1,8,8,4,1]
0.2500135004520416,13344,13344,193725
5,[1,8,8,4,2]
0.25000816583633423,13344,13344,195517
5,[1,8,8,4,4]
0.04252513125538826,25336,1352,196604
5,[1,8,8,4,8]
0.0424201600253582,25336,1352,198340
5,[1,8,8,4,16]
0.25001001358032227,13344,13344,200012
5,[1,8,8,4,32]
0.22862283885478973,15639,11049,211725
5,[1,8,8,8,1]
0.2500133812427521,13344,13344,197272
5,[1,8,8,8,2]
0.042486771941185,25336,1352,198549
5,[1,8,8,8,4]
0.04245619475841522,25336,1352,200769
5,[1,8,8,8,8]
0.25002092123031616,13344,13344,199962
5,[1,8,8,8,16]
0.042476579546928406,25336,1352,208537
5,[1,8,8,8,32]
0.2500125467777252,13344,13344,214446
5,[1,8,8,16,1]
0.042557492852211,25336,1352,203002
5,[1,8,8,16,2]
0.2500140368938446,13344,13344,203528
5,[1,8,8,16,4]
0.04252230376005173,25336,1352,206838
5,[1,8,8,16,8]
0.04242078587412834,25337,1351,209665
5,[1,8,8,16,16]
0.04240761697292328,25336,1352,220498
5,[1,8,8,16,32]
0.042373258620500565,25337,1351,233693
5,[1,8,8,32,1]
0.25000664591789246,13344,13344,212570
5,[1,8,8,32,2]
0.24228547513484955,14148,12540,215338
5,[1,8,8,32,4]
0.042427390813827515,25336,1352,217873
5,[1,8,8,32,8]
0.04231030121445656,25337,1351,224751
5,[1,8,8,32,16]
0.04246073216199875,25337,1351,235932
5,[1,8,8,32,32]
0.04251370206475258,25335,1353,260244
5,[1,8,16,1,1]
0.25001609325408936,13344,13344,196459
5,[1,8,16,1,2]
0.2500160336494446,13344,13344,197437
5,[1,8,16,1,4]
0.2500162720680237,13344,13344,196466
5,[1,8,16,1,8]
0.25000518560409546,13344,13344,197457
5,[1,8,16,1,16]
0.25001800060272217,13344,13344,201532
5,[1,8,16,1,32]
0.228848397731781,15591,11097,212617
5,[1,8,16,2,1]
0.2500144839286804,13344,13344,200120
5,[1,8,16,2,2]
0.0424715057015419,25336,1352,201009
5,[1,8,16,2,4]
0.22861100733280182,15639,11049,200431
5,[1,8,16,2,8]
0.250011682510376,13344,13344,201900
5,[1,8,16,2,16]
0.2500036060810089,13344,13344,205545
5,[1,8,16,2,32]
0.07030097395181656,24506,2182,215031
5,[1,8,16,4,1]
0.25001174211502075,13344,13344,200059
5,[1,8,16,4,2]
0.04247887805104256,25336,1352,203780
5,[1,8,16,4,4]
0.25001126527786255,13344,13344,204288
5,[1,8,16,4,8]
0.25000783801078796,13344,13344,205697
5,[1,8,16,4,16]
0.04266604036092758,25335,1353,211538
5,[1,8,16,4,32]
0.2499995231628418,13344,13344,215066
5,[1,8,16,8,1]
0.25001558661460876,13344,13344,204619
5,[1,8,16,8,2]
0.2500181794166565,13344,13344,204893
5,[1,8,16,8,4]
0.04243374615907669,25336,1352,209419
5,[1,8,16,8,8]
0.042650070041418076,25336,1352,210771
5,[1,8,16,8,16]
0.04265733063220978,25335,1353,217146
5,[1,8,16,8,32]
0.042446739971637726,25333,1355,229606
5,[1,8,16,16,1]
0.22884005308151245,15591,11097,213431
5,[1,8,16,16,2]
0.042590945959091187,25336,1352,214814
5,[1,8,16,16,4]
0.0425802543759346,25334,1354,220798
5,[1,8,16,16,8]
0.2500121593475342,13344,13344,218942
5,[1,8,16,16,16]
0.04266514629125595,25336,1352,228768
5,[1,8,16,16,32]
0.2500090003013611,13344,13344,234593
5,[1,8,16,32,1]
0.25001034140586853,13344,13344,223184
5,[1,8,16,32,2]
0.2500138282775879,13344,13344,228953
5,[1,8,16,32,4]
0.2500127851963043,13344,13344,232158
5,[1,8,16,32,8]
0.25001657009124756,13344,13344,230909
5,[1,8,16,32,16]
0.24227860569953918,14148,12540,250026
5,[1,8,16,32,32]
0.042333316057920456,25337,1351,275747
5,[1,8,32,1,1]
0.2500118315219879,13344,13344,210048
5,[1,8,32,1,2]
0.2500111758708954,13344,13344,206600
5,[1,8,32,1,4]
0.2500085234642029,13344,13344,208073
5,[1,8,32,1,8]
0.2500135898590088,13344,13344,208214
5,[1,8,32,1,16]
0.25001803040504456,13344,13344,216278
5,[1,8,32,1,32]
0.25001585483551025,13344,13344,219940
5,[1,8,32,2,1]
0.2500103712081909,13344,13344,209524
5,[1,8,32,2,2]
0.04242254048585892,25336,1352,216252
5,[1,8,32,2,4]
0.042340658605098724,25337,1351,214545
5,[1,8,32,2,8]
0.042524076998233795,25336,1352,215419
5,[1,8,32,2,16]
0.04234159365296364,25337,1351,224049
5,[1,8,32,2,32]
0.042379070073366165,25337,1351,229012
5,[1,8,32,4,1]
0.2500123381614685,13344,13344,211300
5,[1,8,32,4,2]
0.07032737880945206,24506,2182,217827
5,[1,8,32,4,4]
0.2500203549861908,13344,13344,212425
5,[1,8,32,4,8]
0.04248383641242981,25336,1352,220355
5,[1,8,32,4,16]
0.042425014078617096,25336,1352,224672
5,[1,8,32,4,32]
0.04252595081925392,25337,1351,232849
5,[1,8,32,8,1]
0.042505133897066116,25336,1352,222831
5,[1,8,32,8,2]
0.25000619888305664,13344,13344,217153
5,[1,8,32,8,4]
0.04253150895237923,25336,1352,224683
5,[1,8,32,8,8]
0.04474293068051338,25286,1402,227573
5,[1,8,32,8,16]
0.04242681339383125,25336,1352,230622
5,[1,8,32,8,32]
0.0423436276614666,25337,1351,242981
5,[1,8,32,16,1]
0.04271727800369263,25334,1354,236324
5,[1,8,32,16,2]
0.07013016939163208,24506,2182,236137
5,[1,8,32,16,4]
0.11388978362083435,22963,3725,236507
5,[1,8,32,16,8]
0.042558182030916214,25336,1352,240402
5,[1,8,32,16,16]
0.04236537963151932,25337,1351,247084
5,[1,8,32,16,32]
0.04238230735063553,25336,1352,263804
5,[1,8,32,32,1]
0.25001439452171326,13344,13344,247699
5,[1,8,32,32,2]
0.2500093877315521,13344,13344,245933
5,[1,8,32,32,4]
0.04253260791301727,25337,1351,249764
5,[1,8,32,32,8]
0.045099928975105286,25286,1402,235413
5,[1,8,32,32,16]
0.04236689582467079,25337,1351,245963
5,[1,8,32,32,32]
0.25001221895217896,13344,13344,249858
5,[1,16,1,1,1]
0.2500039041042328,13344,13344,153752
5,[1,16,1,1,2]
0.2500048279762268,13344,13344,155560
5,[1,16,1,1,4]
0.25001153349876404,13344,13344,155015
5,[1,16,1,1,8]
0.24999885261058807,13344,13344,156986
5,[1,16,1,1,16]
0.25001657009124756,13344,13344,159870
5,[1,16,1,1,32]
0.25001925230026245,13344,13344,167433
5,[1,16,1,2,1]
0.2500055730342865,13344,13344,155826
5,[1,16,1,2,2]
0.2500108480453491,13344,13344,155854
5,[1,16,1,2,4]
0.24998852610588074,13344,13344,156810
5,[1,16,1,2,8]
0.04255246743559837,25336,1352,159858
5,[1,16,1,2,16]
0.2500123381614685,13344,13344,163063
5,[1,16,1,2,32]
0.2500154376029968,13344,13344,171287
5,[1,16,1,4,1]
0.2500171959400177,13344,13344,158298
5,[1,16,1,4,2]
0.2500121593475342,13344,13344,157752
5,[1,16,1,4,4]
0.2500092387199402,13344,13344,157718
5,[1,16,1,4,8]
0.25001397728919983,13344,13344,162428
5,[1,16,1,4,16]
0.25001436471939087,13344,13344,164947
5,[1,16,1,4,32]
0.04322237893939018,25337,1351,177019
5,[1,16,1,8,1]
0.042483117431402206,25336,1352,160174
5,[1,16,1,8,2]
0.25001421570777893,13344,13344,161283
5,[1,16,1,8,4]
0.2500152587890625,13344,13344,161653
5,[1,16,1,8,8]
0.25001415610313416,13344,13344,165336
5,[1,16,1,8,16]
0.042484771460294724,25336,1352,171786
5,[1,16,1,8,32]
0.04249819368124008,25336,1352,183422
5,[1,16,1,16,1]
0.2500203549861908,13344,13344,161896
5,[1,16,1,16,2]
0.2500057518482208,13344,13344,164440
5,[1,16,1,16,4]
0.2500213384628296,13344,13344,165778
5,[1,16,1,16,8]
0.0426286980509758,25336,1352,171139
5,[1,16,1,16,16]
0.2500157654285431,13344,13344,174633
5,[1,16,1,16,32]
0.2500147223472595,13344,13344,188443
5,[1,16,1,32,1]
0.25001469254493713,13344,13344,170913
5,[1,16,1,32,2]
0.25001105666160583,13344,13344,170008
5,[1,16,1,32,4]
0.24999921023845673,13344,13344,175681
5,[1,16,1,32,8]
0.25001227855682373,13344,13344,177682
5,[1,16,1,32,16]
0.2500104308128357,13344,13344,188439
5,[1,16,1,32,32]
0.2500109374523163,13344,13344,210064
5,[1,16,2,1,1]
0.25001102685928345,13344,13344,159069
5,[1,16,2,1,2]
0.2500157356262207,13344,13344,158879
5,[1,16,2,1,4]
0.25000566244125366,13344,13344,159430
5,[1,16,2,1,8]
0.04244426265358925,25336,1352,162811
5,[1,16,2,1,16]
0.2500096559524536,13344,13344,163471
5,[1,16,2,1,32]
0.24228313565254211,14148,12540,174429
5,[1,16,2,2,1]
0.2500162422657013,13344,13344,159920
5,[1,16,2,2,2]
0.25001418590545654,13344,13344,158858
5,[1,16,2,2,4]
0.25001010298728943,13344,13344,161442
5,[1,16,2,2,8]
0.25001418590545654,13344,13344,161736
5,[1,16,2,2,16]
0.0702725425362587,24506,2182,168378
5,[1,16,2,2,32]
0.07028131932020187,24506,2182,177885
5,[1,16,2,4,1]
0.11385330557823181,22963,3725,162330
5,[1,16,2,4,2]
0.2500125765800476,13344,13344,162816
5,[1,16,2,4,4]
0.25001680850982666,13344,13344,163523
5,[1,16,2,4,8]
0.04481055960059166,25286,1402,167963
5,[1,16,2,4,16]
0.25002095103263855,13344,13344,168841
5,[1,16,2,4,32]
0.12955494225025177,22203,4485,181138
5,[1,16,2,8,1]
0.2500140070915222,13344,13344,163851
5,[1,16,2,8,2]
0.25001591444015503,13344,13344,164346
5,[1,16,2,8,4]
0.2500164210796356,13344,13344,166629
5,[1,16,2,8,8]
0.04249045252799988,25336,1352,171683
5,[1,16,2,8,16]
0.2500130832195282,13344,13344,172285
5,[1,16,2,8,32]
0.2500150799751282,13344,13344,182608
5,[1,16,2,16,1]
0.250007688999176,13344,13344,167154
5,[1,16,2,16,2]
0.24999821186065674,13344,13344,171521
5,[1,16,2,16,4]
0.2500089108943939,13344,13344,170226
5,[1,16,2,16,8]
0.2500113844871521,13344,13344,176466
5,[1,16,2,16,16]
0.25000789761543274,13344,13344,180215
5,[1,16,2,16,32]
0.04249168559908867,25336,1352,200109
5,[1,16,2,32,1]
0.2500101327896118,13344,13344,175505
5,[1,16,2,32,2]
0.2500130832195282,13344,13344,175404
5,[1,16,2,32,4]
0.12954363226890564,22203,4485,182454
5,[1,16,2,32,8]
0.04245436564087868,25337,1351,188743
5,[1,16,2,32,16]
0.2500101327896118,13344,13344,192690
5,[1,16,2,32,32]
0.04247935488820076,25336,1352,222715
5,[1,16,4,1,1]
0.25001293420791626,13344,13344,162301
5,[1,16,4,1,2]
0.25001657009124756,13344,13344,161281
5,[1,16,4,1,4]
0.25000813603401184,13344,13344,163256
5,[1,16,4,1,8]
0.04258258268237114,25336,1352,166132
5,[1,16,4,1,16]
0.04245671629905701,25336,1352,168796
5,[1,16,4,1,32]
0.25001034140586853,13344,13344,175196
5,[1,16,4,2,1]
0.25001391768455505,13344,13344,162818
5,[1,16,4,2,2]
0.2500121295452118,13344,13344,162101
5,[1,16,4,2,4]
0.2500104606151581,13344,13344,163580
5,[1,16,4,2,8]
0.25001344084739685,13344,13344,166446
5,[1,16,4,2,16]
0.24228116869926453,14148,12540,170991
5,[1,16,4,2,32]
0.04250007122755051,25336,1352,179919
5,[1,16,4,4,1]
0.11411871016025543,22963,3725,165736
5,[1,16,4,4,2]
0.042440228164196014,25336,1352,167158
5,[1,16,4,4,4]
0.04250374436378479,25336,1352,166789
5,[1,16,4,4,8]
0.07036855816841125,24506,2182,170314
5,[1,16,4,4,16]
0.25001785159111023,13344,13344,173935
5,[1,16,4,4,32]
0.042540550231933594,25336,1352,183977
5,[1,16,4,8,1]
0.25000542402267456,13344,13344,166614
5,[1,16,4,8,2]
0.25001731514930725,13344,13344,172812
5,[1,16,4,8,4]
0.042505159974098206,25336,1352,172691
5,[1,16,4,8,8]
0.04239679127931595,25336,1352,175795
5,[1,16,4,8,16]
0.25000935792922974,13344,13344,177244
5,[1,16,4,8,32]
0.04418317973613739,25287,1401,191383
5,[1,16,4,16,1]
0.042504873126745224,25336,1352,173411
5,[1,16,4,16,2]
0.2500184178352356,13344,13344,171786
5,[1,16,4,16,4]
0.042523447424173355,25336,1352,180472
5,[1,16,4,16,8]
0.04241751506924629,25337,1351,188596
5,[1,16,4,16,16]
0.04499364644289017,25281,1407,203856
5,[1,16,4,16,32]
0.07026337832212448,24506,2182,221861
5,[1,16,4,32,1]
0.25001049041748047,13344,13344,186885
5,[1,16,4,32,2]
0.04246704280376434,25336,1352,189680
5,[1,16,4,32,4]
0.2500096559524536,13344,13344,189681
5,[1,16,4,32,8]
0.04238506779074669,25337,1351,196350
5,[1,16,4,32,16]
0.04242123290896416,25337,1351,207552
5,[1,16,4,32,32]
0.04235091432929039,25337,1351,228931
5,[1,16,8,1,1]
0.2500095069408417,13344,13344,168884
5,[1,16,8,1,2]
0.2500144839286804,13344,13344,167826
5,[1,16,8,1,4]
0.25000840425491333,13344,13344,166968
5,[1,16,8,1,8]
0.2500109076499939,13344,13344,170319
5,[1,16,8,1,16]
0.07036752253770828,24506,2182,174791
5,[1,16,8,1,32]
0.25002023577690125,13344,13344,180360
5,[1,16,8,2,1]
0.25000956654548645,13344,13344,167238
5,[1,16,8,2,2]
0.2500125765800476,13344,13344,170659
5,[1,16,8,2,4]
0.2500143349170685,13344,13344,168855
5,[1,16,8,2,8]
0.22860470414161682,15639,11049,172531
5,[1,16,8,2,16]
0.04247099906206131,25336,1352,177494
5,[1,16,8,2,32]
0.07034455239772797,24506,2182,185614
5,[1,16,8,4,1]
0.250016450881958,13344,13344,169113
5,[1,16,8,4,2]
0.25001826882362366,13344,13344,170160
5,[1,16,8,4,4]
0.04252130165696144,25336,1352,173769
5,[1,16,8,4,8]
0.0448116697371006,25286,1402,177212
5,[1,16,8,4,16]
0.04241419956088066,25336,1352,181904
5,[1,16,8,4,32]
0.04236047714948654,25336,1352,191214
5,[1,16,8,8,1]
0.25001850724220276,13344,13344,172617
5,[1,16,8,8,2]
0.042612262070178986,25336,1352,176822
5,[1,16,8,8,4]
0.07033967226743698,24506,2182,178300
5,[1,16,8,8,8]
0.042352933436632156,25337,1351,180899
5,[1,16,8,8,16]
0.042379721999168396,25337,1351,186428
5,[1,16,8,8,32]
0.04234206676483154,25337,1351,212746
5,[1,16,8,16,1]
0.25001260638237,13344,13344,198042
5,[1,16,8,16,2]
0.04263152554631233,25336,1352,194112
5,[1,16,8,16,4]
0.04238875210285187,25336,1352,190606
5,[1,16,8,16,8]
0.2286163568496704,15639,11049,192527
5,[1,16,8,16,16]
0.04234669730067253,25337,1351,196454
5,[1,16,8,16,32]
0.04409230872988701,25287,1401,205213
5,[1,16,8,32,1]
0.25001510977745056,13344,13344,184035
5,[1,16,8,32,2]
0.25001391768455505,13344,13344,189091
5,[1,16,8,32,4]
0.25001952052116394,13344,13344,192002
5,[1,16,8,32,8]
0.042423028498888016,25337,1351,198151
5,[1,16,8,32,16]
0.04251067340373993,25337,1351,210201
5,[1,16,8,32,32]
0.04248004034161568,25337,1351,234030
5,[1,16,16,1,1]
0.25001174211502075,13344,13344,170922
5,[1,16,16,1,2]
0.2500059902667999,13344,13344,173247
5,[1,16,16,1,4]
0.2500174641609192,13344,13344,175398
5,[1,16,16,1,8]
0.2500094175338745,13344,13344,173834
5,[1,16,16,1,16]
0.042507804930210114,25336,1352,180068
5,[1,16,16,1,32]
0.250017374753952,13344,13344,190810
5,[1,16,16,2,1]
0.25001364946365356,13344,13344,178772
5,[1,16,16,2,2]
0.25000518560409546,13344,13344,189301
5,[1,16,16,2,4]
0.04240763187408447,25336,1352,189859
5,[1,16,16,2,8]
0.2500170171260834,13344,13344,179146
5,[1,16,16,2,16]
0.25001031160354614,13344,13344,179743
5,[1,16,16,2,32]
0.0440986305475235,25287,1401,207882
5,[1,16,16,4,1]
0.2500157952308655,13344,13344,178513
5,[1,16,16,4,2]
0.2500133216381073,13344,13344,182745
5,[1,16,16,4,4]
0.07021094858646393,24506,2182,183032
5,[1,16,16,4,8]
0.24228309094905853,14148,12540,184395
5,[1,16,16,4,16]
0.04370548203587532,25332,1356,193682
5,[1,16,16,4,32]
0.04256746172904968,25336,1352,200561
5,[1,16,16,8,1]
0.25001251697540283,13344,13344,182030
5,[1,16,16,8,2]
0.042479828000068665,25336,1352,186326
5,[1,16,16,8,4]
0.042391519993543625,25336,1352,188907
5,[1,16,16,8,8]
0.25001126527786255,13344,13344,190735
5,[1,16,16,8,16]
0.25000712275505066,13344,13344,192148
5,[1,16,16,8,32]
0.04234780743718147,25337,1351,208804
5,[1,16,16,16,1]
0.042499005794525146,25336,1352,194662
5,[1,16,16,16,2]
0.25001612305641174,13344,13344,191735
5,[1,16,16,16,4]
0.042347948998212814,25337,1351,201213
5,[1,16,16,16,8]
0.24228535592556,14148,12540,203737
5,[1,16,16,16,16]
0.2500155568122864,13344,13344,219686
5,[1,16,16,16,32]
0.04256582260131836,25334,1354,224876
5,[1,16,16,32,1]
0.25001445412635803,13344,13344,197212
5,[1,16,16,32,2]
0.2500059902667999,13344,13344,204360
5,[1,16,16,32,4]
0.11398424208164215,22960,3728,208710
5,[1,16,16,32,8]
0.2500082552433014,13344,13344,213155
5,[1,16,16,32,16]
0.22927430272102356,14561,12127,226322
5,[1,16,16,32,32]
0.04234379157423973,25337,1351,252238
5,[1,16,32,1,1]
0.25001513957977295,13344,13344,188219
5,[1,16,32,1,2]
0.2500191330909729,13344,13344,187001
5,[1,16,32,1,4]
0.25000545382499695,13344,13344,191357
5,[1,16,32,1,8]
0.25001055002212524,13344,13344,190989
5,[1,16,32,1,16]
0.04251956567168236,25336,1352,195869
5,[1,16,32,1,32]
0.2500152587890625,13344,13344,199955
5,[1,16,32,2,1]
0.25001204013824463,13344,13344,186589
5,[1,16,32,2,2]
0.25001344084739685,13344,13344,191666
5,[1,16,32,2,4]
0.2500123083591461,13344,13344,188710
5,[1,16,32,2,8]
0.2500154674053192,13344,13344,192607
5,[1,16,32,2,16]
0.24999994039535522,13344,13344,192654
5,[1,16,32,2,32]
0.2288474589586258,15591,11097,206389
5,[1,16,32,4,1]
0.25000956654548645,13344,13344,188832
5,[1,16,32,4,2]
0.04238973557949066,25336,1352,200709
5,[1,16,32,4,4]
0.2500022351741791,13344,13344,199723
5,[1,16,32,4,8]
0.04230649769306183,25337,1351,206202
5,[1,16,32,4,16]
0.042309753596782684,25336,1352,209897
5,[1,16,32,4,32]
0.24227111041545868,14148,12540,216893
5,[1,16,32,8,1]
0.25001201033592224,13344,13344,204148
5,[1,16,32,8,2]
0.2500106990337372,13344,13344,206118
5,[1,16,32,8,4]
0.04236088693141937,25337,1351,210246
5,[1,16,32,8,8]
0.04242442920804024,25337,1351,212618
5,[1,16,32,8,16]
0.04332851991057396,25334,1354,216628
5,[1,16,32,8,32]
0.04237769916653633,25337,1351,229257
5,[1,16,32,16,1]
0.25001806020736694,13344,13344,211311
5,[1,16,32,16,2]
0.04265099763870239,25334,1354,221348
5,[1,16,32,16,4]
0.043124906718730927,25332,1356,222569
5,[1,16,32,16,8]
0.25001394748687744,13344,13344,216990
5,[1,16,32,16,16]
0.04235038906335831,25337,1351,234734
5,[1,16,32,16,32]
0.042313024401664734,25337,1351,250992
5,[1,16,32,32,1]
0.0425284206867218,25336,1352,243684
5,[1,16,32,32,2]
0.25001218914985657,13344,13344,232308
5,[1,16,32,32,4]
0.2500181794166565,13344,13344,235332
5,[1,16,32,32,8]
0.24999958276748657,13344,13344,251549
5,[1,16,32,32,16]
0.25001293420791626,13344,13344,249794
5,[1,16,32,32,32]
0.042400240898132324,25337,1351,288548
5,[1,32,1,1,1]
0.25001901388168335,13344,13344,172524
5,[1,32,1,1,2]
0.2500109076499939,13344,13344,173631
5,[1,32,1,1,4]
0.2500135004520416,13344,13344,174556
5,[1,32,1,1,8]
0.25001007318496704,13344,13344,175601
5,[1,32,1,1,16]
0.2500149607658386,13344,13344,177173
5,[1,32,1,1,32]
0.2500127851963043,13344,13344,184734
5,[1,32,1,2,1]
0.2500179708003998,13344,13344,174539
5,[1,32,1,2,2]
0.25001341104507446,13344,13344,174577
5,[1,32,1,2,4]
0.25000810623168945,13344,13344,175613
5,[1,32,1,2,8]
0.04261079430580139,25336,1352,179857
5,[1,32,1,2,16]
0.22860120236873627,15639,11049,183234
5,[1,32,1,2,32]
0.042565636336803436,25336,1352,191899
5,[1,32,1,4,1]
0.2500093877315521,13344,13344,175006
5,[1,32,1,4,2]
0.25001272559165955,13344,13344,175170
5,[1,32,1,4,4]
0.2500065863132477,13344,13344,174993
5,[1,32,1,4,8]
0.25002026557922363,13344,13344,178948
5,[1,32,1,4,16]
0.04249124974012375,25336,1352,185391
5,[1,32,1,4,32]
0.2500104308128357,13344,13344,190647
5,[1,32,1,8,1]
0.25002023577690125,13344,13344,176454
5,[1,32,1,8,2]
0.2500125467777252,13344,13344,177367
5,[1,32,1,8,4]
0.2500045597553253,13344,13344,177625
5,[1,32,1,8,8]
0.042488399893045425,25336,1352,184698
5,[1,32,1,8,16]
0.2500094473361969,13344,13344,185946
5,[1,32,1,8,32]
0.04264405742287636,25336,1352,200985
5,[1,32,1,16,1]
0.2500210702419281,13344,13344,179466
5,[1,32,1,16,2]
0.25000643730163574,13344,13344,181291
5,[1,32,1,16,4]
0.25001245737075806,13344,13344,182515
5,[1,32,1,16,8]
0.2500009536743164,13344,13344,186600
5,[1,32,1,16,16]
0.2288096398115158,15639,11049,196520
5,[1,32,1,16,32]
0.04247499629855156,25336,1352,214439
5,[1,32,1,32,1]
0.25001654028892517,13344,13344,186625
5,[1,32,1,32,2]
0.2500213384628296,13344,13344,188276
5,[1,32,1,32,4]
0.04254809021949768,25336,1352,196740
5,[1,32,1,32,8]
0.06143920496106148,24209,2479,201594
5,[1,32,1,32,16]
0.042504116892814636,25336,1352,212793
5,[1,32,1,32,32]
0.2500123083591461,13344,13344,227049
5,[1,32,2,1,1]
0.2500174343585968,13344,13344,177325
5,[1,32,2,1,2]
0.25001272559165955,13344,13344,177899
5,[1,32,2,1,4]
0.2500041127204895,13344,13344,178647
5,[1,32,2,1,8]
0.25000888109207153,13344,13344,178931
5,[1,32,2,1,16]
0.2500118911266327,13344,13344,182534
5,[1,32,2,1,32]
0.25001490116119385,13344,13344,188822
5,[1,32,2,2,1]
0.25001224875450134,13344,13344,176825
5,[1,32,2,2,2]
0.25001588463783264,13344,13344,178999
5,[1,32,2,2,4]
0.2500144839286804,13344,13344,179363
5,[1,32,2,2,8]
0.25001460313796997,13344,13344,181626
5,[1,32,2,2,16]
0.04248722270131111,25336,1352,188025
5,[1,32,2,2,32]
0.24228495359420776,14148,12540,196538
5,[1,32,2,4,1]
0.2500145435333252,13344,13344,208210
5,[1,32,2,4,2]
0.2500145733356476,13344,13344,207502
5,[1,32,2,4,4]
0.042468152940273285,25336,1352,211943
5,[1,32,2,4,8]
0.07034055143594742,24506,2182,219011
5,[1,32,2,4,16]
0.04253581538796425,25336,1352,226658
5,[1,32,2,4,32]
0.24227462708950043,14148,12540,234815
5,[1,32,2,8,1]
0.25001591444015503,13344,13344,217077
5,[1,32,2,8,2]
0.25001126527786255,13344,13344,217538
5,[1,32,2,8,4]
0.2500126361846924,13344,13344,219082
5,[1,32,2,8,8]
0.04241114854812622,25336,1352,224989
5,[1,32,2,8,16]
0.25001445412635803,13344,13344,225555
5,[1,32,2,8,32]
0.057725127786397934,24841,1847,240590
5,[1,32,2,16,1]
0.04254709929227829,25336,1352,222939
5,[1,32,2,16,2]
0.25000903010368347,13344,13344,226799
5,[1,32,2,16,4]
0.2286171019077301,15639,11049,224357
5,[1,32,2,16,8]
0.04246388003230095,25336,1352,232413
5,[1,32,2,16,16]
0.250016450881958,13344,13344,237266
5,[1,32,2,16,32]
0.07028581947088242,24506,2182,253688
5,[1,32,2,32,1]
0.25001612305641174,13344,13344,230076
5,[1,32,2,32,2]
0.25000250339508057,13344,13344,230447
5,[1,32,2,32,4]
0.04270591586828232,25336,1352,235760
5,[1,32,2,32,8]
0.04253601282835007,25337,1351,242433
5,[1,32,2,32,16]
0.04242625832557678,25337,1351,253979
5,[1,32,2,32,32]
0.042553264647722244,25336,1352,277731
5,[1,32,4,1,1]
0.25001901388168335,13344,13344,215909
5,[1,32,4,1,2]
0.25001582503318787,13344,13344,215287
5,[1,32,4,1,4]
0.25000807642936707,13344,13344,216196
5,[1,32,4,1,8]
0.2500150501728058,13344,13344,219831
5,[1,32,4,1,16]
0.250014990568161,13344,13344,221475
5,[1,32,4,1,32]
0.25001442432403564,13344,13344,227877
5,[1,32,4,2,1]
0.042492590844631195,25336,1352,221344
5,[1,32,4,2,2]
0.04247594624757767,25336,1352,218814
5,[1,32,4,2,4]
0.04246145486831665,25336,1352,221004
5,[1,32,4,2,8]
0.042432453483343124,25336,1352,222762
5,[1,32,4,2,16]
0.250016450881958,13344,13344,225035
5,[1,32,4,2,32]
0.2500194013118744,13344,13344,227806
5,[1,32,4,4,1]
0.25001734495162964,13344,13344,217224
5,[1,32,4,4,2]
0.2500183582305908,13344,13344,216496
5,[1,32,4,4,4]
0.04244495555758476,25336,1352,220070
5,[1,32,4,4,8]
0.0448998399078846,25286,1402,223211
5,[1,32,4,4,16]
0.25001204013824463,13344,13344,222473
5,[1,32,4,4,32]
0.044679317623376846,25307,1381,237529
5,[1,32,4,8,1]
0.2500138580799103,13344,13344,217893
5,[1,32,4,8,2]
0.11384772509336472,22963,3725,223193
5,[1,32,4,8,4]
0.22883917391300201,15591,11097,224766
5,[1,32,4,8,8]
0.04250625893473625,25336,1352,228032
5,[1,32,4,8,16]
0.07040873914957047,24506,2182,232080
5,[1,32,4,8,32]
0.04234069213271141,25337,1351,246498
5,[1,32,4,16,1]
0.2500162422657013,13344,13344,220885
5,[1,32,4,16,2]
0.2500164210796356,13344,13344,225821
5,[1,32,4,16,4]
0.04255453869700432,25336,1352,220675
5,[1,32,4,16,8]
0.04238839074969292,25333,1355,213629
5,[1,32,4,16,16]
0.04234905168414116,25337,1351,220122
5,[1,32,4,16,32]
0.24228672683238983,14148,12540,232430
5,[1,32,4,32,1]
0.2500179708003998,13344,13344,214685
5,[1,32,4,32,2]
0.042631085962057114,25336,1352,216329
5,[1,32,4,32,4]
0.25001129508018494,13344,13344,215290
5,[1,32,4,32,8]
0.044254280626773834,25287,1401,224841
5,[1,32,4,32,16]
0.04231392592191696,25336,1352,235501
5,[1,32,4,32,32]
0.04246699810028076,25335,1353,257435
5,[1,32,8,1,1]
0.22221022844314575,16198,10490,201442
5,[1,32,8,1,2]
0.25000834465026855,13344,13344,201224
5,[1,32,8,1,4]
0.25001397728919983,13344,13344,201942
5,[1,32,8,1,8]
0.25001275539398193,13344,13344,202092
5,[1,32,8,1,16]
0.04261193051934242,25336,1352,212093
5,[1,32,8,1,32]
0.2500188946723938,13344,13344,210829
5,[1,32,8,2,1]
0.25001415610313416,13344,13344,201290
5,[1,32,8,2,2]
0.04248308762907982,25336,1352,205582
5,[1,32,8,2,4]
0.2500159740447998,13344,13344,204594
5,[1,32,8,2,8]
0.0424545556306839,25336,1352,207836
5,[1,32,8,2,16]
0.2500159442424774,13344,13344,207753
5,[1,32,8,2,32]
0.042593855410814285,25336,1352,218112
5,[1,32,8,4,1]
0.25001034140586853,13344,13344,203219
5,[1,32,8,4,2]
0.25001171231269836,13344,13344,204434
5,[1,32,8,4,4]
0.042422231286764145,25336,1352,208046
5,[1,32,8,4,8]
0.2153661549091339,15668,11020,210598
5,[1,32,8,4,16]
0.04245944693684578,25336,1352,215133
5,[1,32,8,4,32]
0.04236789047718048,25336,1352,222868
5,[1,32,8,8,1]
0.2500171363353729,13344,13344,206599
5,[1,32,8,8,2]
0.25001367926597595,13344,13344,208252
5,[1,32,8,8,4]
0.04246148094534874,25336,1352,212022
5,[1,32,8,8,8]
0.042423542588949203,25337,1351,216898
5,[1,32,8,8,16]
0.25001469254493713,13344,13344,212070
5,[1,32,8,8,32]
0.042472295463085175,25336,1352,229254
5,[1,32,8,16,1]
0.04253505542874336,25336,1352,213000
5,[1,32,8,16,2]
0.04250611737370491,25336,1352,214700
5,[1,32,8,16,4]
0.25001344084739685,13344,13344,211500
5,[1,32,8,16,8]
0.042515818029642105,25336,1352,220021
5,[1,32,8,16,16]
0.2500135004520416,13344,13344,219376
5,[1,32,8,16,32]
0.07025841623544693,24506,2182,241070
5,[1,32,8,32,1]
0.2500181198120117,13344,13344,219514
5,[1,32,8,32,2]
0.04254138097167015,25337,1351,225814
5,[1,32,8,32,4]
0.042467065155506134,25336,1352,227531
5,[1,32,8,32,8]
0.04231040179729462,25337,1351,233723
5,[1,32,8,32,16]
0.042399730533361435,25337,1351,245894
5,[1,32,8,32,32]
0.22861744463443756,15639,11049,267935
5,[1,32,16,1,1]
0.2500118017196655,13344,13344,211277
5,[1,32,16,1,2]
0.25001707673072815,13344,13344,214051
5,[1,32,16,1,4]
0.04249592870473862,25336,1352,220145
5,[1,32,16,1,8]
0.25002190470695496,13344,13344,215950
5,[1,32,16,1,16]
0.04251588508486748,25336,1352,219030
5,[1,32,16,1,32]
0.25000903010368347,13344,13344,223256
5,[1,32,16,2,1]
0.25001272559165955,13344,13344,211369
5,[1,32,16,2,2]
0.25000646710395813,13344,13344,213586
5,[1,32,16,2,4]
0.2500123977661133,13344,13344,211593
5,[1,32,16,2,8]
0.2500157356262207,13344,13344,214645
5,[1,32,16,2,16]
0.04249586910009384,25336,1352,223126
5,[1,32,16,2,32]
0.24247217178344727,14118,12570,229383
5,[1,32,16,4,1]
0.25001266598701477,13344,13344,217014
5,[1,32,16,4,2]
0.25001558661460876,13344,13344,214977
5,[1,32,16,4,4]
0.2500157058238983,13344,13344,218590
5,[1,32,16,4,8]
0.09413079172372818,23656,3032,221614
5,[1,32,16,4,16]
0.04238128289580345,25336,1352,226620
5,[1,32,16,4,32]
0.042432669550180435,25337,1351,232926
5,[1,32,16,8,1]
0.2500138282775879,13344,13344,216145
5,[1,32,16,8,2]
0.04252373054623604,25336,1352,224491
5,[1,32,16,8,4]
0.04709727317094803,25281,1407,223362
5,[1,32,16,8,8]
0.22885234653949738,15591,11097,225833
5,[1,32,16,8,16]
0.25001752376556396,13344,13344,224060
5,[1,32,16,8,32]
0.2422855794429779,14148,12540,239559
5,[1,32,16,16,1]
0.2500142455101013,13344,13344,223113
5,[1,32,16,16,2]
0.25000831484794617,13344,13344,224977
5,[1,32,16,16,4]
0.2500060498714447,13344,13344,228713
5,[1,32,16,16,8]
0.24228313565254211,14148,12540,232565
5,[1,32,16,16,16]
0.1137700080871582,22963,3725,241893
5,[1,32,16,16,32]
0.2500108778476715,13344,13344,245614
5,[1,32,16,32,1]
0.25001323223114014,13344,13344,236453
5,[1,32,16,32,2]
0.2500148415565491,13344,13344,236409
5,[1,32,16,32,4]
0.04499545693397522,25282,1406,246501
5,[1,32,16,32,8]
0.07011958956718445,24506,2182,253178
5,[1,32,16,32,16]
0.2500176727771759,13344,13344,259573
5,[1,32,16,32,32]
0.0423537939786911,25337,1351,287526
5,[1,32,32,1,1]
0.2500148415565491,13344,13344,232238
5,[1,32,32,1,2]
0.25001272559165955,13344,13344,229699
5,[1,32,32,1,4]
0.2500147521495819,13344,13344,236726
5,[1,32,32,1,8]
0.2499995082616806,13344,13344,230916
5,[1,32,32,1,16]
0.2500062882900238,13344,13344,239776
5,[1,32,32,1,32]
0.25001323223114014,13344,13344,248206
5,[1,32,32,2,1]
0.25001707673072815,13344,13344,231101
5,[1,32,32,2,2]
0.042521048337221146,25336,1352,237226
5,[1,32,32,2,4]
0.25000911951065063,13344,13344,231732
5,[1,32,32,2,8]
0.24228106439113617,14148,12540,237103
5,[1,32,32,2,16]
0.2500174343585968,13344,13344,236367
5,[1,32,32,2,32]
0.2500135600566864,13344,13344,242909
5,[1,32,32,4,1]
0.2500072717666626,13344,13344,233802
5,[1,32,32,4,2]
0.04237531125545502,25337,1351,240063
5,[1,32,32,4,4]
0.04253411293029785,25336,1352,240573
5,[1,32,32,4,8]
0.042602840811014175,25336,1352,241812
5,[1,32,32,4,16]
0.07013167440891266,24506,2182,246570
5,[1,32,32,4,32]
0.0424019880592823,25337,1351,259006
5,[1,32,32,8,1]
0.25001204013824463,13344,13344,239301
5,[1,32,32,8,2]
0.04256841167807579,25336,1352,244939
5,[1,32,32,8,4]
0.25000911951065063,13344,13344,238009
5,[1,32,32,8,8]
0.2500090003013611,13344,13344,246522
5,[1,32,32,8,16]
0.24227586388587952,14148,12540,251431
5,[1,32,32,8,32]
0.1138882040977478,22963,3725,265074
5,[1,32,32,16,1]
0.25001779198646545,13344,13344,246736
5,[1,32,32,16,2]
0.042533520609140396,25336,1352,255586
5,[1,32,32,16,4]
0.04236290603876114,25337,1351,258223
5,[1,32,32,16,8]
0.04405141994357109,25287,1401,261724
5,[1,32,32,16,16]
0.04394388571381569,25287,1401,269144
5,[1,32,32,16,32]
0.04235698655247688,25337,1351,282873
5,[1,32,32,32,1]
0.25001612305641174,13344,13344,273701
5,[1,32,32,32,2]
0.09250261634588242,23742,2946,280174
5,[1,32,32,32,4]
0.25001707673072815,13344,13344,276108
5,[1,32,32,32,8]
0.04229561239480972,25337,1351,284322
5,[1,32,32,32,16]
0.044778257608413696,25286,1402,301497
5,[1,32,32,32,32]
0.22351935505867004,15912,10776,317527
