4,[1,1,1,1]
0.25001436471939087,13344,13344,76945
4,[1,1,1,2]
0.25001266598701477,13344,13344,100033
4,[1,1,1,4]
0.042446576058864594,25336,1352,100536
4,[1,1,1,8]
0.04244288057088852,25336,1352,119074
4,[1,1,1,16]
0.25001347064971924,13344,13344,120763
4,[1,1,1,32]
0.2500164210796356,13344,13344,133526
4,[1,1,2,1]
0.2500127851963043,13344,13344,85612
4,[1,1,2,2]
0.2500176727771759,13344,13344,105678
4,[1,1,2,4]
0.2500115931034088,13344,13344,106797
4,[1,1,2,8]
0.25001272559165955,13344,13344,109576
4,[1,1,2,16]
0.2500154674053192,13344,13344,113704
4,[1,1,2,32]
0.25001415610313416,13344,13344,122955
4,[1,1,4,1]
0.2500137388706207,13344,13344,108455
4,[1,1,4,2]
0.2500148415565491,13344,13344,112005
4,[1,1,4,4]
0.25001442432403564,13344,13344,113569
4,[1,1,4,8]
0.25001588463783264,13344,13344,118393
4,[1,1,4,16]
0.24228672683238983,14148,12540,122386
4,[1,1,4,32]
0.07029571384191513,24506,2182,134761
4,[1,1,8,1]
0.2500051259994507,13344,13344,114331
4,[1,1,8,2]
0.2500174939632416,13344,13344,115311
4,[1,1,8,4]
0.2500198781490326,13344,13344,117412
4,[1,1,8,8]
0.2500178813934326,13344,13344,122000
4,[1,1,8,16]
0.24999667704105377,13344,13344,127161
4,[1,1,8,32]
0.2500149607658386,13344,13344,136846
4,[1,1,16,1]
0.250015527009964,13344,13344,117992
4,[1,1,16,2]
0.2500174343585968,13344,13344,119671
4,[1,1,16,4]
0.2500142753124237,13344,13344,122655
4,[1,1,16,8]
0.25000497698783875,13344,13344,128888
4,[1,1,16,16]
0.2500185966491699,13344,13344,125478
4,[1,1,16,32]
0.25001588463783264,13344,13344,140714
4,[1,1,32,1]
0.25002026557922363,13344,13344,121868
4,[1,1,32,2]
0.25000426173210144,13344,13344,122796
4,[1,1,32,4]
0.25001370906829834,13344,13344,122269
4,[1,1,32,8]
0.2500133216381073,13344,13344,128097
4,[1,1,32,16]
0.250017911195755,13344,13344,140234
4,[1,1,32,32]
0.24769867956638336,13344,13344,168080
4,[1,2,1,1]
0.25001442432403564,13344,13344,110034
4,[1,2,1,2]
0.2500207722187042,13344,13344,109652
4,[1,2,1,4]
0.2500152885913849,13344,13344,110417
4,[1,2,1,8]
0.04285745695233345,25336,1352,110490
4,[1,2,1,16]
0.25001129508018494,13344,13344,116296
4,[1,2,1,32]
0.25002118945121765,13344,13344,122070
4,[1,2,2,1]
0.042429473251104355,25336,1352,111297
4,[1,2,2,2]
0.25001195073127747,13344,13344,111019
4,[1,2,2,4]
0.25001561641693115,13344,13344,112429
4,[1,2,2,8]
0.2500046491622925,13344,13344,113108
4,[1,2,2,16]
0.2500123679637909,13344,13344,118766
4,[1,2,2,32]
0.1138266772031784,22963,3725,128532
4,[1,2,4,1]
0.0424409918487072,25336,1352,112916
4,[1,2,4,2]
0.2500200867652893,13344,13344,113590
4,[1,2,4,4]
0.042462896555662155,25336,1352,115715
4,[1,2,4,8]
0.04474390670657158,25286,1402,118554
4,[1,2,4,16]
0.042422786355018616,25336,1352,124662
4,[1,2,4,32]
0.24999110400676727,13344,13344,130277
4,[1,2,8,1]
0.2500203549861908,13344,13344,116386
4,[1,2,8,2]
0.2500101625919342,13344,13344,117311
4,[1,2,8,4]
0.04256448149681091,25336,1352,117437
4,[1,2,8,8]
0.2500205934047699,13344,13344,119092
4,[1,2,8,16]
0.04239612817764282,25336,1352,127076
4,[1,2,8,32]
0.042498160153627396,25336,1352,139672
4,[1,2,16,1]
0.2500196695327759,13344,13344,120577
4,[1,2,16,2]
0.042646005749702454,25334,1354,123363
4,[1,2,16,4]
0.04246175289154053,25336,1352,122075
4,[1,2,16,8]
0.25001078844070435,13344,13344,119895
4,[1,2,16,16]
0.25001290440559387,13344,13344,129634
4,[1,2,16,32]
0.0426170751452446,25336,1352,148862
4,[1,2,32,1]
0.2500057816505432,13344,13344,123533
4,[1,2,32,2]
0.25001436471939087,13344,13344,126121
4,[1,2,32,4]
0.04593079909682274,25281,1407,130560
4,[1,2,32,8]
0.042480770498514175,25336,1352,137648
4,[1,2,32,16]
0.0425165519118309,25333,1355,149117
4,[1,2,32,32]
0.2500165104866028,13344,13344,166776
4,[1,4,1,1]
0.25001779198646545,13344,13344,109664
4,[1,4,1,2]
0.2500118315219879,13344,13344,108715
4,[1,4,1,4]
0.2500142753124237,13344,13344,110752
4,[1,4,1,8]
0.042571891099214554,25336,1352,118515
4,[1,4,1,16]
0.250018835067749,13344,13344,119568
4,[1,4,1,32]
0.25001174211502075,13344,13344,127309
4,[1,4,2,1]
0.2500169575214386,13344,13344,114625
4,[1,4,2,2]
0.04244387522339821,25336,1352,115060
4,[1,4,2,4]
0.042853694409132004,25336,1352,116007
4,[1,4,2,8]
0.042547598481178284,25336,1352,119270
4,[1,4,2,16]
0.2500194013118744,13344,13344,121106
4,[1,4,2,32]
0.04251556843519211,25336,1352,133689
4,[1,4,4,1]
0.25001564621925354,13344,13344,116055
4,[1,4,4,2]
0.04244336858391762,25336,1352,120055
4,[1,4,4,4]
0.25001320242881775,13344,13344,117475
4,[1,4,4,8]
0.042424701154232025,25336,1352,122344
4,[1,4,4,16]
0.042448870837688446,25336,1352,126116
4,[1,4,4,32]
0.2500135004520416,13344,13344,132802
4,[1,4,8,1]
0.250014066696167,13344,13344,120228
4,[1,4,8,2]
0.25001639127731323,13344,13344,119581
4,[1,4,8,4]
0.04239451885223389,25336,1352,123266
4,[1,4,8,8]
0.042525459080934525,25336,1352,126297
4,[1,4,8,16]
0.2500130832195282,13344,13344,127977
4,[1,4,8,32]
0.22861996293067932,15639,11049,141358
4,[1,4,16,1]
0.25001752376556396,13344,13344,122137
4,[1,4,16,2]
0.0424630306661129,25336,1352,125527
4,[1,4,16,4]
0.042940862476825714,25336,1352,127543
4,[1,4,16,8]
0.12660853564739227,22208,4480,132405
4,[1,4,16,16]
0.2500074505805969,13344,13344,135718
4,[1,4,16,32]
0.04234376177191734,25337,1351,156947
4,[1,4,32,1]
0.2500026226043701,13344,13344,132805
4,[1,4,32,2]
0.042478762567043304,25336,1352,135653
4,[1,4,32,4]
0.042494997382164,25336,1352,138766
4,[1,4,32,8]
0.04249342903494835,25336,1352,145451
4,[1,4,32,16]
0.04265986755490303,25336,1352,158207
4,[1,4,32,32]
0.0424521267414093,25336,1352,181637
4,[1,8,1,1]
0.2500182092189789,13344,13344,114626
4,[1,8,1,2]
0.25001266598701477,13344,13344,119690
4,[1,8,1,4]
0.25001293420791626,13344,13344,124359
4,[1,8,1,8]
0.25000256299972534,13344,13344,128429
4,[1,8,1,16]
0.2500108480453491,13344,13344,129100
4,[1,8,1,32]
0.04249022156000137,25336,1352,139867
4,[1,8,2,1]
0.25001198053359985,13344,13344,125511
4,[1,8,2,2]
0.2500104606151581,13344,13344,125993
4,[1,8,2,4]
0.2500128746032715,13344,13344,124058
4,[1,8,2,8]
0.11406870186328888,22963,3725,127976
4,[1,8,2,16]
0.042399704456329346,25336,1352,134464
4,[1,8,2,32]
0.250009685754776,13344,13344,140200
4,[1,8,4,1]
0.07037250697612762,24506,2182,127747
4,[1,8,4,2]
0.25000470876693726,13344,13344,127526
4,[1,8,4,4]
0.0424589067697525,25336,1352,134445
4,[1,8,4,8]
0.04555920511484146,25286,1402,140014
4,[1,8,4,16]
0.25001561641693115,13344,13344,135490
4,[1,8,4,32]
0.04263881593942642,25336,1352,143811
4,[1,8,8,1]
0.2500135004520416,13344,13344,126331
4,[1,8,8,2]
0.2500188648700714,13344,13344,124995
4,[1,8,8,4]
0.04248009994626045,25336,1352,128448
4,[1,8,8,8]
0.04239105433225632,25336,1352,131047
4,[1,8,8,16]
0.04246203228831291,25336,1352,137529
4,[1,8,8,32]
0.25000742077827454,13344,13344,145371
4,[1,8,16,1]
0.2500087320804596,13344,13344,130616
4,[1,8,16,2]
0.2500115931034088,13344,13344,132984
4,[1,8,16,4]
0.12983167171478271,22179,4509,135681
4,[1,8,16,8]
0.04243890568614006,25336,1352,139705
4,[1,8,16,16]
0.2500043511390686,13344,13344,144686
4,[1,8,16,32]
0.2500104010105133,13344,13344,158595
4,[1,8,32,1]
0.25001177191734314,13344,13344,141922
4,[1,8,32,2]
0.04257408156991005,25336,1352,146857
4,[1,8,32,4]
0.04406901076436043,25287,1401,149183
4,[1,8,32,8]
0.042493779212236404,25336,1352,154598
4,[1,8,32,16]
0.044048164039850235,25286,1402,167249
4,[1,8,32,32]
0.04240083694458008,25337,1351,193283
4,[1,16,1,1]
0.2500087320804596,13344,13344,119866
4,[1,16,1,2]
0.2500120997428894,13344,13344,127447
4,[1,16,1,4]
0.04549796134233475,25286,1402,129513
4,[1,16,1,8]
0.2500166594982147,13344,13344,129749
4,[1,16,1,16]
0.2500165104866028,13344,13344,131176
4,[1,16,1,32]
0.25000831484794617,13344,13344,140848
4,[1,16,2,1]
0.2500135004520416,13344,13344,128470
4,[1,16,2,2]
0.042425621300935745,25336,1352,128768
4,[1,16,2,4]
0.250019371509552,13344,13344,130422
4,[1,16,2,8]
0.079963319003582,23823,2865,133390
4,[1,16,2,16]
0.2500135600566864,13344,13344,133780
4,[1,16,2,32]
0.2500133514404297,13344,13344,142127
4,[1,16,4,1]
0.2500167489051819,13344,13344,130486
4,[1,16,4,2]
0.25000879168510437,13344,13344,129316
4,[1,16,4,4]
0.25001004338264465,13344,13344,132190
4,[1,16,4,8]
0.25001785159111023,13344,13344,135078
4,[1,16,4,16]
0.22859200835227966,15639,11049,139763
4,[1,16,4,32]
0.04253591597080231,25336,1352,150262
4,[1,16,8,1]
0.07039894908666611,24506,2182,135648
4,[1,16,8,2]
0.04254784807562828,25336,1352,137198
4,[1,16,8,4]
0.0425143837928772,25336,1352,139796
4,[1,16,8,8]
0.250016987323761,13344,13344,138097
4,[1,16,8,16]
0.042409222573041916,25336,1352,148403
4,[1,16,8,32]
0.04262205958366394,25336,1352,159051
4,[1,16,16,1]
0.2500174939632416,13344,13344,140493
4,[1,16,16,2]
0.0424758605659008,25336,1352,146550
4,[1,16,16,4]
0.042472805827856064,25336,1352,147691
4,[1,16,16,8]
0.2288351207971573,15591,11097,152577
4,[1,16,16,16]
0.04240848496556282,25336,1352,160533
4,[1,16,16,32]
0.04235198348760605,25337,1351,177999
4,[1,16,32,1]
0.042482394725084305,25336,1352,160948
4,[1,16,32,2]
0.25001275539398193,13344,13344,162958
4,[1,16,32,4]
0.2500150203704834,13344,13344,162690
4,[1,16,32,8]
0.04234367981553078,25337,1351,173142
4,[1,16,32,16]
0.0426575168967247,25336,1352,184257
4,[1,16,32,32]
0.042564988136291504,25336,1352,210869
4,[1,32,1,1]
0.2500048577785492,13344,13344,140500
4,[1,32,1,2]
0.25001588463783264,13344,13344,138460
4,[1,32,1,4]
0.2500152885913849,13344,13344,138255
4,[1,32,1,8]
0.25001734495162964,13344,13344,140723
4,[1,32,1,16]
0.250009685754776,13344,13344,144227
4,[1,32,1,32]
0.0448584258556366,25286,1402,154558
4,[1,32,2,1]
0.25000908970832825,13344,13344,139383
4,[1,32,2,2]
0.25001218914985657,13344,13344,138565
4,[1,32,2,4]
0.042436383664608,25336,1352,144425
4,[1,32,2,8]
0.042608119547367096,25336,1352,144710
4,[1,32,2,16]
0.2500157952308655,13344,13344,146810
4,[1,32,2,32]
0.250016450881958,13344,13344,139832
4,[1,32,4,1]
0.250016987323761,13344,13344,130667
4,[1,32,4,2]
0.04243491590023041,25336,1352,133380
4,[1,32,4,4]
0.042493268847465515,25336,1352,134250
4,[1,32,4,8]
0.04251070320606232,25336,1352,136280
4,[1,32,4,16]
0.04243289679288864,25336,1352,140388
4,[1,32,4,32]
0.042397115379571915,25336,1352,148986
4,[1,32,8,1]
0.25001099705696106,13344,13344,134943
4,[1,32,8,2]
0.04248978570103645,25336,1352,138176
4,[1,32,8,4]
0.25001654028892517,13344,13344,135305
4,[1,32,8,8]
0.242272287607193,14148,12540,140056
4,[1,32,8,16]
0.2500111758708954,13344,13344,141759
4,[1,32,8,32]
0.044811856001615524,25286,1402,158371
4,[1,32,16,1]
0.250018835067749,13344,13344,143382
4,[1,32,16,2]
0.04248194023966789,25336,1352,147555
4,[1,32,16,4]
0.042362991720438004,25337,1351,152680
4,[1,32,16,8]
0.25001585483551025,13344,13344,154731
4,[1,32,16,16]
0.11387185007333755,22963,3725,162881
4,[1,32,16,32]
0.04233231395483017,25337,1351,178977
4,[1,32,32,1]
0.2422773838043213,14148,12540,169841
4,[1,32,32,2]
0.2500153183937073,13344,13344,171882
4,[1,32,32,4]
0.25001823902130127,13344,13344,169492
4,[1,32,32,8]
0.20316679775714874,25334,1354,179902
4,[1,32,32,16]
0.04541952535510063,25285,1403,192463
4,[1,32,32,32]
0.22884507477283478,15591,11097,213226
4,[2,1,1,1]
0.2500137388706207,13344,13344,113415
4,[2,1,1,2]
0.2500166594982147,13344,13344,113719
4,[2,1,1,4]
0.25001469254493713,13344,13344,113973
4,[2,1,1,8]
0.25001075863838196,13344,13344,125134
4,[2,1,1,16]
0.25000840425491333,13344,13344,133202
4,[2,1,1,32]
0.2500176727771759,13344,13344,140425
4,[2,1,2,1]
0.042869266122579575,25336,1352,128649
4,[2,1,2,2]
0.25001609325408936,13344,13344,130220
4,[2,1,2,4]
0.2500094473361969,13344,13344,132707
4,[2,1,2,8]
0.2500181794166565,13344,13344,133561
4,[2,1,2,16]
0.04245031625032425,25336,1352,138915
4,[2,1,2,32]
0.25001654028892517,13344,13344,144420
4,[2,1,4,1]
0.04241209477186203,25336,1352,131166
4,[2,1,4,2]
0.2499963492155075,13344,13344,131266
4,[2,1,4,4]
0.2500046491622925,13344,13344,132250
4,[2,1,4,8]
0.25001928210258484,13344,13344,135363
4,[2,1,4,16]
0.2500118911266327,13344,13344,138439
4,[2,1,4,32]
0.04245392978191376,25333,1355,147775
4,[2,1,8,1]
0.25001415610313416,13344,13344,135324
4,[2,1,8,2]
0.042470116168260574,25336,1352,137293
4,[2,1,8,4]
0.0703270435333252,24506,2182,138125
4,[2,1,8,8]
0.042419638484716415,25336,1352,141126
4,[2,1,8,16]
0.25001806020736694,13344,13344,142891
4,[2,1,8,32]
0.25001123547554016,13344,13344,152361
4,[2,1,16,1]
0.04237932711839676,25337,1351,139010
4,[2,1,16,2]
0.25000807642936707,13344,13344,141197
4,[2,1,16,4]
0.04250720143318176,25336,1352,142255
4,[2,1,16,8]
0.04245240241289139,25336,1352,146033
4,[2,1,16,16]
0.04236951470375061,25336,1352,151169
4,[2,1,16,32]
0.07031652331352234,24506,2182,167459
4,[2,1,32,1]
0.2500174343585968,13344,13344,145159
4,[2,1,32,2]
0.04246177151799202,25337,1351,149687
4,[2,1,32,4]
0.25001299381256104,13344,13344,149532
4,[2,1,32,8]
0.04267698526382446,25336,1352,159209
4,[2,1,32,16]
0.04249332472681999,25336,1352,171620
4,[2,1,32,32]
0.042514972388744354,25334,1354,193142
4,[2,2,1,1]
0.2500172257423401,13344,13344,136068
4,[2,2,1,2]
0.042845018208026886,25336,1352,133741
4,[2,2,1,4]
0.25001707673072815,13344,13344,134506
4,[2,2,1,8]
0.25001654028892517,13344,13344,134385
4,[2,2,1,16]
0.2500137686729431,13344,13344,137952
4,[2,2,1,32]
0.2500133216381073,13344,13344,134436
4,[2,2,2,1]
0.25001707673072815,13344,13344,123475
4,[2,2,2,2]
0.04241693392395973,25336,1352,123878
4,[2,2,2,4]
0.25001007318496704,13344,13344,123707
4,[2,2,2,8]
0.042861729860305786,25336,1352,126795
4,[2,2,2,16]
0.2500159740447998,13344,13344,129007
4,[2,2,2,32]
0.25001558661460876,13344,13344,135353
4,[2,2,4,1]
0.25001195073127747,13344,13344,123946
4,[2,2,4,2]
0.2500098645687103,13344,13344,125270
4,[2,2,4,4]
0.042803745716810226,25336,1352,126744
4,[2,2,4,8]
0.04238704591989517,25337,1351,128996
4,[2,2,4,16]
0.042361851781606674,25334,1354,133405
4,[2,2,4,32]
0.04252445697784424,25336,1352,142667
4,[2,2,8,1]
0.2500070631504059,13344,13344,126524
4,[2,2,8,2]
0.042451899498701096,25336,1352,128270
4,[2,2,8,4]
0.04289819672703743,25336,1352,129568
4,[2,2,8,8]
0.25001510977745056,13344,13344,130780
4,[2,2,8,16]
0.042391497641801834,25337,1351,137976
4,[2,2,8,32]
0.04256836324930191,25336,1352,148376
4,[2,2,16,1]
0.25001806020736694,13344,13344,131676
4,[2,2,16,2]
0.22883252799510956,15591,11097,133440
4,[2,2,16,4]
0.04256701469421387,25334,1354,135928
4,[2,2,16,8]
0.2285979688167572,15639,11049,138241
4,[2,2,16,16]
0.2500191330909729,13344,13344,142750
4,[2,2,16,32]
0.04255560413002968,25336,1352,161793
4,[2,2,32,1]
0.25000956654548645,13344,13344,137253
4,[2,2,32,2]
0.2500154674053192,13344,13344,141133
4,[2,2,32,4]
0.044872261583805084,25284,1404,144007
4,[2,2,32,8]
0.25001755356788635,13344,13344,146685
4,[2,2,32,16]
0.2500171363353729,13344,13344,156511
4,[2,2,32,32]
0.04236568138003349,25337,1351,185174
4,[2,4,1,1]
0.25001806020736694,13344,13344,125416
4,[2,4,1,2]
0.04242035374045372,25336,1352,126516
4,[2,4,1,4]
0.2500157058238983,13344,13344,126857
4,[2,4,1,8]
0.04243878275156021,25336,1352,129488
4,[2,4,1,16]
0.0702274814248085,24506,2182,133155
4,[2,4,1,32]
0.2500131130218506,13344,13344,139217
4,[2,4,2,1]
0.250017911195755,13344,13344,127260
4,[2,4,2,2]
0.042449258267879486,25337,1351,127992
4,[2,4,2,4]
0.04243364930152893,25336,1352,129374
4,[2,4,2,8]
0.042501598596572876,25336,1352,130758
4,[2,4,2,16]
0.042272645980119705,25335,1353,135329
4,[2,4,2,32]
0.250016450881958,13344,13344,140006
4,[2,4,4,1]
0.2500132918357849,13344,13344,127951
4,[2,4,4,2]
0.25001147389411926,13344,13344,128617
4,[2,4,4,4]
0.04249044880270958,25336,1352,130266
4,[2,4,4,8]
0.04245360940694809,25336,1352,132779
4,[2,4,4,16]
0.044714562594890594,25290,1398,135392
4,[2,4,4,32]
0.2500094771385193,13344,13344,141797
4,[2,4,8,1]
0.04226798936724663,25337,1351,131088
4,[2,4,8,2]
0.25001245737075806,13344,13344,130368
4,[2,4,8,4]
0.05805424600839615,24848,1840,132148
4,[2,4,8,8]
0.042412128299474716,25336,1352,134318
4,[2,4,8,16]
0.04238041490316391,25337,1351,140042
4,[2,4,8,32]
0.04243845120072365,25336,1352,151665
4,[2,4,16,1]
0.2500169277191162,13344,13344,131994
4,[2,4,16,2]
0.04246881604194641,25336,1352,135345
4,[2,4,16,4]
0.042478810995817184,25336,1352,136965
4,[2,4,16,8]
0.04383661597967148,25290,1398,140770
4,[2,4,16,16]
0.04234360530972481,25337,1351,158376
4,[2,4,16,32]
0.04245246574282646,25336,1352,172921
4,[2,4,32,1]
0.25000619888305664,13344,13344,151237
4,[2,4,32,2]
0.25001126527786255,13344,13344,154203
4,[2,4,32,4]
0.04253567010164261,25336,1352,156405
4,[2,4,32,8]
0.04231907054781914,25337,1351,163260
4,[2,4,32,16]
0.04237005114555359,25336,1352,174744
4,[2,4,32,32]
0.04241325706243515,25336,1352,198669
4,[2,8,1,1]
0.2500162720680237,13344,13344,136581
4,[2,8,1,2]
0.25001344084739685,13344,13344,137768
4,[2,8,1,4]
0.25001898407936096,13344,13344,137899
4,[2,8,1,8]
0.04364210367202759,25289,1399,140671
4,[2,8,1,16]
0.04242772236466408,25336,1352,142480
4,[2,8,1,32]
0.25000879168510437,13344,13344,148537
4,[2,8,2,1]
0.2500167191028595,13344,13344,136760
4,[2,8,2,2]
0.04244005307555199,25336,1352,137403
4,[2,8,2,4]
0.04249666631221771,25336,1352,138304
4,[2,8,2,8]
0.042484935373067856,25336,1352,140196
4,[2,8,2,16]
0.04239293932914734,25333,1355,145432
4,[2,8,2,32]
0.042515408247709274,25336,1352,152808
4,[2,8,4,1]
0.04239625856280327,25335,1353,139362
4,[2,8,4,2]
0.04245208203792572,25336,1352,140832
4,[2,8,4,4]
0.25001344084739685,13344,13344,140689
4,[2,8,4,8]
0.042446695268154144,25336,1352,143665
4,[2,8,4,16]
0.042469173669815063,25336,1352,147894
4,[2,8,4,32]
0.042480651289224625,25337,1351,156083
4,[2,8,8,1]
0.2500098943710327,13344,13344,141497
4,[2,8,8,2]
0.04241606593132019,25336,1352,142774
4,[2,8,8,4]
0.25000208616256714,13344,13344,143655
4,[2,8,8,8]
0.04226592555642128,25337,1351,147281
4,[2,8,8,16]
0.04233504459261894,25333,1355,152579
4,[2,8,8,32]
0.04238111525774002,25336,1352,164214
4,[2,8,16,1]
0.2500120997428894,13344,13344,145299
4,[2,8,16,2]
0.04256470501422882,25336,1352,149331
4,[2,8,16,4]
0.04239033907651901,25337,1351,150920
4,[2,8,16,8]
0.04236120730638504,25336,1352,154471
4,[2,8,16,16]
0.04225775972008705,25337,1351,161327
4,[2,8,16,32]
0.04504750669002533,25281,1407,180402
4,[2,8,32,1]
0.04228664189577103,25337,1351,161606
4,[2,8,32,2]
0.04259095713496208,25336,1352,162546
4,[2,8,32,4]
0.04233010858297348,25337,1351,165374
4,[2,8,32,8]
0.04231147840619087,25337,1351,170338
4,[2,8,32,16]
0.04234540835022926,25337,1351,182923
4,[2,8,32,32]
0.042284365743398666,25337,1351,206055
4,[2,16,1,1]
0.042476776987314224,25336,1352,143971
4,[2,16,1,2]
0.042510028928518295,25336,1352,145147
4,[2,16,1,4]
0.04254964739084244,25336,1352,145393
4,[2,16,1,8]
0.25001123547554016,13344,13344,145967
4,[2,16,1,16]
0.04540036618709564,25284,1404,149327
4,[2,16,1,32]
0.2500070631504059,13344,13344,155074
4,[2,16,2,1]
0.04244132712483406,25336,1352,145524
4,[2,16,2,2]
0.042248815298080444,25337,1351,146380
4,[2,16,2,4]
0.25000879168510437,13344,13344,146417
4,[2,16,2,8]
0.042411837726831436,25336,1352,149262
4,[2,16,2,16]
0.04241592809557915,25337,1351,154330
4,[2,16,2,32]
0.04246148839592934,25336,1352,161656
4,[2,16,4,1]
0.04242869094014168,25336,1352,147728
4,[2,16,4,2]
0.04242599010467529,25334,1354,148371
4,[2,16,4,4]
0.04245210066437721,25336,1352,149534
4,[2,16,4,8]
0.2500172555446625,13344,13344,151133
4,[2,16,4,16]
0.04239092022180557,25337,1351,156258
4,[2,16,4,32]
0.04413001611828804,25287,1401,165251
4,[2,16,8,1]
0.042323969304561615,25335,1353,151588
4,[2,16,8,2]
0.2500157952308655,13344,13344,150294
4,[2,16,8,4]
0.2500113844871521,13344,13344,152941
4,[2,16,8,8]
0.04255378991365433,25336,1352,156578
4,[2,16,8,16]
0.13931764662265778,21646,5042,161443
4,[2,16,8,32]
0.04509269446134567,25282,1406,171625
4,[2,16,16,1]
0.04249193146824837,25336,1352,157987
4,[2,16,16,2]
0.04251861199736595,25336,1352,160067
4,[2,16,16,4]
0.0424673818051815,25336,1352,161781
4,[2,16,16,8]
0.06954413652420044,24505,2183,164990
4,[2,16,16,16]
0.22841869294643402,15666,11022,171946
4,[2,16,16,32]
0.04234939068555832,25336,1352,187480
4,[2,16,32,1]
0.2500189244747162,13344,13344,172483
4,[2,16,32,2]
0.042297977954149246,25337,1351,176080
4,[2,16,32,4]
0.04254382848739624,25336,1352,176872
4,[2,16,32,8]
0.042294420301914215,25337,1351,183606
4,[2,16,32,16]
0.0424220897257328,25337,1351,195039
4,[2,16,32,32]
0.04229273647069931,25337,1351,217135
4,[2,32,1,1]
0.04248552769422531,25336,1352,151947
4,[2,32,1,2]
0.042457252740859985,25336,1352,152273
4,[2,32,1,4]
0.042557086795568466,25336,1352,154019
4,[2,32,1,8]
0.042535725980997086,25336,1352,154893
4,[2,32,1,16]
0.042355071753263474,25337,1351,157677
4,[2,32,1,32]
0.04233207553625107,25335,1353,165412
4,[2,32,2,1]
0.04246826097369194,25336,1352,153033
4,[2,32,2,2]
0.2500065565109253,13344,13344,154172
4,[2,32,2,4]
0.04244065657258034,25336,1352,155745
4,[2,32,2,8]
0.2500135600566864,13344,13344,155591
4,[2,32,2,16]
0.042392853647470474,25337,1351,161118
4,[2,32,2,32]
0.04227043315768242,25335,1353,168754
4,[2,32,4,1]
0.04251527786254883,25337,1351,156612
4,[2,32,4,2]
0.04243093729019165,25336,1352,157393
4,[2,32,4,4]
0.042419347912073135,25336,1352,158443
4,[2,32,4,8]
0.25001224875450134,13344,13344,160588
4,[2,32,4,16]
0.04490233212709427,25286,1402,164162
4,[2,32,4,32]
0.04242115467786789,25336,1352,176514
4,[2,32,8,1]
0.2500154674053192,13344,13344,160577
4,[2,32,8,2]
0.2500123977661133,13344,13344,159813
4,[2,32,8,4]
0.042343296110630035,25337,1351,164450
4,[2,32,8,8]
0.04240040481090546,25336,1352,166951
4,[2,32,8,16]
0.04236050322651863,25337,1351,171894
4,[2,32,8,32]
0.24228276312351227,14148,12540,180382
4,[2,32,16,1]
0.042361561208963394,25335,1353,173740
4,[2,32,16,2]
0.04237658157944679,25337,1351,174850
4,[2,32,16,4]
0.04231446608901024,25337,1351,177365
4,[2,32,16,8]
0.04231049120426178,25337,1351,180226
4,[2,32,16,16]
0.06982463598251343,24527,2161,187299
4,[2,32,16,32]
0.04222312942147255,25337,1351,203013
4,[2,32,32,1]
0.04259767383337021,25336,1352,197125
4,[2,32,32,2]
0.04225286841392517,25335,1353,196317
4,[2,32,32,4]
0.25001204013824463,13344,13344,199361
4,[2,32,32,8]
0.04240509495139122,25337,1351,205713
4,[2,32,32,16]
0.06095112860202789,24842,1846,217947
4,[2,32,32,32]
0.042292214930057526,25337,1351,239130
4,[4,1,1,1]
0.2500150501728058,13344,13344,136983
4,[4,1,1,2]
0.04249369353055954,25336,1352,137251
4,[4,1,1,4]
0.2500171363353729,13344,13344,137701
4,[4,1,1,8]
0.04276576638221741,25337,1351,139898
4,[4,1,1,16]
0.2500072419643402,13344,13344,141797
4,[4,1,1,32]
0.2500113248825073,13344,13344,149033
4,[4,1,2,1]
0.25001806020736694,13344,13344,137576
4,[4,1,2,2]
0.2500099241733551,13344,13344,137476
4,[4,1,2,4]
0.042411692440509796,25336,1352,138460
4,[4,1,2,8]
0.2500172555446625,13344,13344,140205
4,[4,1,2,16]
0.2500048875808716,13344,13344,144199
4,[4,1,2,32]
0.04243750125169754,25337,1351,152716
4,[4,1,4,1]
0.25001364946365356,13344,13344,138960
4,[4,1,4,2]
0.04264317825436592,25333,1355,140016
4,[4,1,4,4]
0.2500084340572357,13344,13344,139776
4,[4,1,4,8]
0.25001075863838196,13344,13344,142378
4,[4,1,4,16]
0.04244987666606903,25336,1352,147569
4,[4,1,4,32]
0.25001126527786255,13344,13344,153103
4,[4,1,8,1]
0.25000515580177307,13344,13344,139920
4,[4,1,8,2]
0.2500133216381073,13344,13344,140668
4,[4,1,8,4]
0.04248848930001259,25336,1352,143213
4,[4,1,8,8]
0.04243946447968483,25336,1352,145519
4,[4,1,8,16]
0.2500111758708954,13344,13344,148557
4,[4,1,8,32]
0.04244532436132431,25337,1351,162182
4,[4,1,16,1]
0.2500165104866028,13344,13344,142406
4,[4,1,16,2]
0.2500135004520416,13344,13344,144938
4,[4,1,16,4]
0.042409032583236694,25337,1351,147750
4,[4,1,16,8]
0.042587146162986755,25337,1351,150806
4,[4,1,16,16]
0.04231061041355133,25335,1353,158340
4,[4,1,16,32]
0.0422993004322052,25335,1353,171818
4,[4,1,32,1]
0.2500115931034088,13344,13344,150964
4,[4,1,32,2]
0.042482227087020874,25334,1354,154626
4,[4,1,32,4]
0.04231458902359009,25337,1351,157076
4,[4,1,32,8]
0.04231799766421318,25337,1351,161955
4,[4,1,32,16]
0.042331796139478683,25337,1351,173552
4,[4,1,32,32]
0.04243006929755211,25334,1354,195306
4,[4,2,1,1]
0.24999909102916718,13344,13344,143185
4,[4,2,1,2]
0.25000929832458496,13344,13344,143399
4,[4,2,1,4]
0.042435579001903534,25336,1352,144136
4,[4,2,1,8]
0.04241142421960831,25336,1352,146573
4,[4,2,1,16]
0.04232373833656311,25335,1353,149104
4,[4,2,1,32]
0.2500205338001251,13344,13344,154973
4,[4,2,2,1]
0.25001004338264465,13344,13344,143377
4,[4,2,2,2]
0.2500118613243103,13344,13344,143340
4,[4,2,2,4]
0.25001299381256104,13344,13344,144971
4,[4,2,2,8]
0.2500127851963043,13344,13344,145820
4,[4,2,2,16]
0.04248092323541641,25336,1352,150732
4,[4,2,2,32]
0.042527370154857635,25336,1352,158619
4,[4,2,4,1]
0.250017911195755,13344,13344,143386
4,[4,2,4,2]
0.04241635650396347,25336,1352,144501
4,[4,2,4,4]
0.04278917983174324,25334,1354,146417
4,[4,2,4,8]
0.04240074008703232,25337,1351,149158
4,[4,2,4,16]
0.04242642596364021,25337,1351,152902
4,[4,2,4,32]
0.04243817925453186,25336,1352,162395
4,[4,2,8,1]
0.04285687953233719,25334,1354,146975
4,[4,2,8,2]
0.042462948709726334,25335,1353,147859
4,[4,2,8,4]
0.04237283393740654,25336,1352,150079
4,[4,2,8,8]
0.0422251932322979,25335,1353,151968
4,[4,2,8,16]
0.04239454120397568,25336,1352,158206
4,[4,2,8,32]
0.0424041748046875,25337,1351,167622
4,[4,2,16,1]
0.25000613927841187,13344,13344,151088
4,[4,2,16,2]
0.0422370620071888,25335,1353,154211
4,[4,2,16,4]
0.04249444603919983,25336,1352,157059
4,[4,2,16,8]
0.042312994599342346,25337,1351,160378
4,[4,2,16,16]
0.04248152673244476,25334,1354,167464
4,[4,2,16,32]
0.042343735694885254,25335,1353,185520
4,[4,2,32,1]
0.2500125467777252,13344,13344,161994
4,[4,2,32,2]
0.042426444590091705,25337,1351,166426
4,[4,2,32,4]
0.04254402592778206,25336,1352,168172
4,[4,2,32,8]
0.04246899113059044,25336,1352,174580
4,[4,2,32,16]
0.04237838461995125,25336,1352,186220
4,[4,2,32,32]
0.04227450489997864,25335,1353,208487
4,[4,4,1,1]
0.250013142824173,13344,13344,148502
4,[4,4,1,2]
0.2500181198120117,13344,13344,149002
4,[4,4,1,4]
0.2500089704990387,13344,13344,150169
4,[4,4,1,8]
0.04247129708528519,25336,1352,152875
4,[4,4,1,16]
0.04239547997713089,25337,1351,155694
4,[4,4,1,32]
0.04247415438294411,25337,1351,164403
4,[4,4,2,1]
0.042449839413166046,25336,1352,151155
4,[4,4,2,2]
0.2500169277191162,13344,13344,150946
4,[4,4,2,4]
0.04254787787795067,25336,1352,140526
4,[4,4,2,8]
0.04242957755923271,25334,1354,132020
4,[4,4,2,16]
0.04258169233798981,25336,1352,136624
4,[4,4,2,32]
0.04241994023323059,25337,1351,143427
4,[4,4,4,1]
0.2500121295452118,13344,13344,128822
4,[4,4,4,2]
0.25001874566078186,13344,13344,130750
4,[4,4,4,4]
0.04257235676050186,25337,1351,130738
4,[4,4,4,8]
0.042365312576293945,25336,1352,134027
4,[4,4,4,16]
0.04243061691522598,25336,1352,138217
4,[4,4,4,32]
0.04232700914144516,25337,1351,146688
4,[4,4,8,1]
0.04278898239135742,25334,1354,132334
4,[4,4,8,2]
0.042518071830272675,25336,1352,133368
4,[4,4,8,4]
0.04239888861775398,25337,1351,134351
4,[4,4,8,8]
0.04236922040581703,25337,1351,138359
4,[4,4,8,16]
0.04227869212627411,25335,1353,142531
4,[4,4,8,32]
0.042266521602869034,25337,1351,153571
4,[4,4,16,1]
0.042252667248249054,25337,1351,135724
4,[4,4,16,2]
0.042378444224596024,25337,1351,138273
4,[4,4,16,4]
0.0424746535718441,25336,1352,140663
4,[4,4,16,8]
0.04234632849693298,25337,1351,144212
4,[4,4,16,16]
0.04241276532411575,25336,1352,152313
4,[4,4,16,32]
0.042345136404037476,25334,1354,167802
4,[4,4,32,1]
0.04234790429472923,25335,1353,146061
4,[4,4,32,2]
0.04240046814084053,25336,1352,148023
4,[4,4,32,4]
0.04247649013996124,25336,1352,150743
4,[4,4,32,8]
0.04235997796058655,25337,1351,156903
4,[4,4,32,16]
0.042273711413145065,25335,1353,168234
4,[4,4,32,32]
0.04220113903284073,25335,1353,191787
4,[4,8,1,1]
0.22860606014728546,15639,11049,132008
4,[4,8,1,2]
0.25001761317253113,13344,13344,132216
4,[4,8,1,4]
0.2499983161687851,13344,13344,133362
4,[4,8,1,8]
0.0424414724111557,25337,1351,134967
4,[4,8,1,16]
0.2500185966491699,13344,13344,136080
4,[4,8,1,32]
0.04240180924534798,25337,1351,147518
4,[4,8,2,1]
0.04228422790765762,25335,1353,135505
4,[4,8,2,2]
0.04238796606659889,25337,1351,134456
4,[4,8,2,4]
0.04242296144366264,25337,1351,137767
4,[4,8,2,8]
0.042308080941438675,25335,1353,138958
4,[4,8,2,16]
0.2500135600566864,13344,13344,141293
4,[4,8,2,32]
0.04601640626788139,25285,1403,152200
4,[4,8,4,1]
0.042423125356435776,25333,1355,138828
4,[4,8,4,2]
0.04244263470172882,25336,1352,139810
4,[4,8,4,4]
0.04252876341342926,25337,1351,140325
4,[4,8,4,8]
0.04245710000395775,25336,1352,143031
4,[4,8,4,16]
0.04243818297982216,25336,1352,147241
4,[4,8,4,32]
0.042451515793800354,25337,1351,156288
4,[4,8,8,1]
0.04226772487163544,25335,1353,141350
4,[4,8,8,2]
0.042462389916181564,25336,1352,141921
4,[4,8,8,4]
0.25001299381256104,13344,13344,145112
4,[4,8,8,8]
0.04232363402843475,25333,1355,145653
4,[4,8,8,16]
0.042355842888355255,25337,1351,151336
4,[4,8,8,32]
0.04234110563993454,25337,1351,162556
4,[4,8,16,1]
0.2500103712081909,13344,13344,145635
4,[4,8,16,2]
0.042343806475400925,25337,1351,148257
4,[4,8,16,4]
0.0422840490937233,25337,1351,149952
4,[4,8,16,8]
0.04228449985384941,25337,1351,153815
4,[4,8,16,16]
0.042255401611328125,25334,1354,161363
4,[4,8,16,32]
0.0423724539577961,25336,1352,177922
4,[4,8,32,1]
0.25001469254493713,13344,13344,156631
4,[4,8,32,2]
0.04254435747861862,25337,1351,160249
4,[4,8,32,4]
0.04229912534356117,25337,1351,164076
4,[4,8,32,8]
0.042360685765743256,25334,1354,169541
4,[4,8,32,16]
0.04229200631380081,25337,1351,181326
4,[4,8,32,32]
0.0447610579431057,25287,1401,205225
4,[4,16,1,1]
0.25001460313796997,13344,13344,137045
4,[4,16,1,2]
0.2500166893005371,13344,13344,137160
4,[4,16,1,4]
0.2500115633010864,13344,13344,139893
4,[4,16,1,8]
0.042309265583753586,25335,1353,141270
4,[4,16,1,16]
0.2500140368938446,13344,13344,145742
4,[4,16,1,32]
0.04237863048911095,25335,1353,161744
4,[4,16,2,1]
0.25001806020736694,13344,13344,149401
4,[4,16,2,2]
0.04254051297903061,25336,1352,144612
4,[4,16,2,4]
0.04247293621301651,25333,1355,147248
4,[4,16,2,8]
0.0424431711435318,25337,1351,155527
4,[4,16,2,16]
0.04237017035484314,25337,1351,165777
4,[4,16,2,32]
0.04233938083052635,25337,1351,164616
4,[4,16,4,1]
0.042329344898462296,25337,1351,150151
4,[4,16,4,2]
0.25001591444015503,13344,13344,148485
4,[4,16,4,4]
0.04244005307555199,25337,1351,156695
4,[4,16,4,8]
0.042206574231386185,25335,1353,166752
4,[4,16,4,16]
0.042387355118989944,25336,1352,156071
4,[4,16,4,32]
0.04219265654683113,25335,1353,164474
4,[4,16,8,1]
0.25001636147499084,13344,13344,150648
4,[4,16,8,2]
0.042330361902713776,25337,1351,151158
4,[4,16,8,4]
0.042292553931474686,25337,1351,152448
4,[4,16,8,8]
0.04224112257361412,25335,1353,154634
4,[4,16,8,16]
0.1138509139418602,22963,3725,167321
4,[4,16,8,32]
0.0422869510948658,25337,1351,179187
4,[4,16,16,1]
0.25001680850982666,13344,13344,158327
4,[4,16,16,2]
0.04233799874782562,25337,1351,159886
4,[4,16,16,4]
0.042311154305934906,25335,1353,163479
4,[4,16,16,8]
0.04226280748844147,25335,1353,174995
4,[4,16,16,16]
0.04226230829954147,25337,1351,173354
4,[4,16,16,32]
0.04218553006649017,25335,1353,190006
4,[4,16,32,1]
0.2500172257423401,13344,13344,175774
4,[4,16,32,2]
0.04249949008226395,25337,1351,182213
4,[4,16,32,4]
0.04233241826295853,25337,1351,185132
4,[4,16,32,8]
0.042289528995752335,25337,1351,189122
4,[4,16,32,16]
0.042223140597343445,25335,1353,198937
4,[4,16,32,32]
0.042163074016571045,25335,1353,226200
4,[4,32,1,1]
0.2500154674053192,13344,13344,154752
4,[4,32,1,2]
0.25000959634780884,13344,13344,155094
4,[4,32,1,4]
0.2500127851963043,13344,13344,154678
4,[4,32,1,8]
0.042531974613666534,25332,1356,158913
4,[4,32,1,16]
0.04251851886510849,25335,1353,163013
4,[4,32,1,32]
0.04248987138271332,25336,1352,170040
4,[4,32,2,1]
0.250017911195755,13344,13344,154449
4,[4,32,2,2]
0.04244256392121315,25336,1352,157368
4,[4,32,2,4]
0.04246148467063904,25337,1351,158574
4,[4,32,2,8]
0.04258577153086662,25336,1352,160226
4,[4,32,2,16]
0.042452845722436905,25337,1351,164729
4,[4,32,2,32]
0.04254984110593796,25336,1352,173802
4,[4,32,4,1]
0.25001463294029236,13344,13344,156886
4,[4,32,4,2]
0.042403820902109146,25336,1352,161221
4,[4,32,4,4]
0.042334381490945816,25335,1353,161316
4,[4,32,4,8]
0.06957318633794785,24534,2154,172490
4,[4,32,4,16]
0.0423303097486496,25337,1351,174873
4,[4,32,4,32]
0.04236099123954773,25337,1351,176272
4,[4,32,8,1]
0.2500185966491699,13344,13344,166021
4,[4,32,8,2]
0.042319778352975845,25337,1351,163330
4,[4,32,8,4]
0.042302511632442474,25337,1351,166411
4,[4,32,8,8]
0.042445726692676544,25336,1352,168436
4,[4,32,8,16]
0.042324040085077286,25337,1351,174603
4,[4,32,8,32]
0.04226229339838028,25337,1351,186631
4,[4,32,16,1]
0.04247460886836052,25337,1351,176759
4,[4,32,16,2]
0.04240765795111656,25337,1351,179011
4,[4,32,16,4]
0.04225148633122444,25335,1353,180464
4,[4,32,16,8]
0.0422951839864254,25337,1351,184421
4,[4,32,16,16]
0.042368900030851364,25337,1351,191030
4,[4,32,16,32]
0.04230610653758049,25336,1352,207199
4,[4,32,32,1]
0.2500130236148834,13344,13344,197644
4,[4,32,32,2]
0.2500118017196655,13344,13344,195394
4,[4,32,32,4]
0.04251324385404587,25337,1351,202519
4,[4,32,32,8]
0.042269155383110046,25337,1351,208692
4,[4,32,32,16]
0.04214721545577049,25335,1353,214576
4,[4,32,32,32]
0.042265135794878006,25337,1351,240520
4,[8,1,1,1]
0.2500176429748535,13344,13344,141714
4,[8,1,1,2]
0.25001826882362366,13344,13344,141865
4,[8,1,1,4]
0.25001999735832214,13344,13344,136848
4,[8,1,1,8]
0.042418964207172394,25336,1352,147793
4,[8,1,1,16]
0.2500133812427521,13344,13344,148380
4,[8,1,1,32]
0.25000905990600586,13344,13344,151703
4,[8,1,2,1]
0.2500101625919342,13344,13344,142978
4,[8,1,2,2]
0.042314350605010986,25337,1351,140268
4,[8,1,2,4]
0.25000494718551636,13344,13344,140930
4,[8,1,2,8]
0.25000080466270447,13344,13344,155860
4,[8,1,2,16]
0.25000929832458496,13344,13344,159169
4,[8,1,2,32]
0.25001227855682373,13344,13344,162930
4,[8,1,4,1]
0.04244222491979599,25336,1352,150092
4,[8,1,4,2]
0.04230015352368355,25337,1351,150098
4,[8,1,4,4]
0.042455147951841354,25336,1352,152216
4,[8,1,4,8]
0.04259572923183441,25337,1351,163062
4,[8,1,4,16]
0.04239221289753914,25334,1354,165560
4,[8,1,4,32]
0.04242696613073349,25337,1351,174825
4,[8,1,8,1]
0.25001510977745056,13344,13344,152994
4,[8,1,8,2]
0.04236433655023575,25335,1353,153928
4,[8,1,8,4]
0.04236747696995735,25335,1353,153507
4,[8,1,8,8]
0.04246897250413895,25333,1355,157060
4,[8,1,8,16]
0.042369451373815536,25337,1351,161215
4,[8,1,8,32]
0.04247254133224487,25337,1351,172151
4,[8,1,16,1]
0.04233302175998688,25337,1351,154582
4,[8,1,16,2]
0.25001096725463867,13344,13344,156167
4,[8,1,16,4]
0.04233734309673309,25337,1351,159341
4,[8,1,16,8]
0.04240227863192558,25337,1351,160396
4,[8,1,16,16]
0.042473237961530685,25337,1351,172657
4,[8,1,16,32]
0.2500208616256714,13344,13344,183223
4,[8,1,32,1]
0.2500198781490326,13344,13344,165234
4,[8,1,32,2]
0.04255494475364685,25337,1351,168947
4,[8,1,32,4]
0.04239241033792496,25337,1351,172287
4,[8,1,32,8]
0.04246043786406517,25336,1352,177486
4,[8,1,32,16]
0.042339276522397995,25337,1351,187313
4,[8,1,32,32]
0.04255419224500656,25337,1351,205323
4,[8,2,1,1]
0.042489536106586456,25337,1351,149972
4,[8,2,1,2]
0.25001195073127747,13344,13344,149542
4,[8,2,1,4]
0.04233851656317711,25337,1351,150239
4,[8,2,1,8]
0.0423382967710495,25337,1351,151577
4,[8,2,1,16]
0.04231959581375122,25335,1353,154905
4,[8,2,1,32]
0.042503323405981064,25336,1352,163595
4,[8,2,2,1]
0.2500121593475342,13344,13344,149028
4,[8,2,2,2]
0.2500193119049072,13344,13344,156802
4,[8,2,2,4]
0.04251180216670036,25336,1352,161642
4,[8,2,2,8]
0.04235180467367172,25337,1351,161193
4,[8,2,2,16]
0.04233471304178238,25335,1353,161915
4,[8,2,2,32]
0.042344868183135986,25337,1351,168458
4,[8,2,4,1]
0.25001707673072815,13344,13344,155332
4,[8,2,4,2]
0.25002002716064453,13344,13344,155027
4,[8,2,4,4]
0.04237685725092888,25337,1351,156331
4,[8,2,4,8]
0.04231727495789528,25337,1351,159837
4,[8,2,4,16]
0.042418912053108215,25337,1351,165664
4,[8,2,4,32]
0.0422668531537056,25335,1353,175107
4,[8,2,8,1]
0.2500169575214386,13344,13344,160802
4,[8,2,8,2]
0.04231546074151993,25337,1351,158528
4,[8,2,8,4]
0.042470552027225494,25336,1352,159938
4,[8,2,8,8]
0.04247636720538139,25335,1353,162241
4,[8,2,8,16]
0.042270004749298096,25335,1353,173092
4,[8,2,8,32]
0.04235232248902321,25336,1352,183339
4,[8,2,16,1]
0.04236317425966263,25337,1351,165303
4,[8,2,16,2]
0.25001153349876404,13344,13344,164327
4,[8,2,16,4]
0.042543672025203705,25337,1351,164880
4,[8,2,16,8]
0.04231962561607361,25335,1353,168637
4,[8,2,16,16]
0.04232076182961464,25337,1351,173775
4,[8,2,16,32]
0.0423857606947422,25337,1351,185733
4,[8,2,32,1]
0.25000861287117004,13344,13344,161932
4,[8,2,32,2]
0.2500174045562744,13344,13344,166309
4,[8,2,32,4]
0.042543914169073105,25334,1354,170531
4,[8,2,32,8]
0.04242885112762451,25337,1351,175305
4,[8,2,32,16]
0.04246920719742775,25337,1351,185441
4,[8,2,32,32]
0.04226214438676834,25337,1351,209964
4,[8,4,1,1]
0.04245125129818916,25336,1352,151267
4,[8,4,1,2]
0.042424824088811874,25337,1351,152194
4,[8,4,1,4]
0.25002098083496094,13344,13344,154051
4,[8,4,1,8]
0.25001662969589233,13344,13344,156840
4,[8,4,1,16]
0.25001323223114014,13344,13344,159636
4,[8,4,1,32]
0.04240555688738823,25334,1354,169716
4,[8,4,2,1]
0.25000348687171936,13344,13344,156184
4,[8,4,2,2]
0.25001123547554016,13344,13344,154631
4,[8,4,2,4]
0.04232653230428696,25335,1353,157508
4,[8,4,2,8]
0.04229649156332016,25337,1351,158492
4,[8,4,2,16]
0.24999837577342987,13344,13344,165924
4,[8,4,2,32]
0.04225674644112587,25335,1353,176099
4,[8,4,4,1]
0.25000759959220886,13344,13344,160915
4,[8,4,4,2]
0.25001686811447144,13344,13344,164094
4,[8,4,4,4]
0.04225485026836395,25337,1351,164541
4,[8,4,4,8]
0.042418964207172394,25334,1354,172667
4,[8,4,4,16]
0.04239378124475479,25336,1352,183937
4,[8,4,4,32]
0.04242923855781555,25337,1351,194672
4,[8,4,8,1]
0.2500154674053192,13344,13344,177040
4,[8,4,8,2]
0.04229474440217018,25334,1354,179575
4,[8,4,8,4]
0.04238314926624298,25334,1354,176326
4,[8,4,8,8]
0.042320214211940765,25337,1351,167854
4,[8,4,8,16]
0.04225794970989227,25335,1353,173440
4,[8,4,8,32]
0.04231035336852074,25337,1351,182211
4,[8,4,16,1]
0.042339324951171875,25337,1351,164816
4,[8,4,16,2]
0.04241582006216049,25337,1351,166792
4,[8,4,16,4]
0.042263709008693695,25332,1356,168497
4,[8,4,16,8]
0.04234685003757477,25334,1354,172733
4,[8,4,16,16]
0.04234214499592781,25335,1353,180104
4,[8,4,16,32]
0.042167168110609055,25335,1353,196415
4,[8,4,32,1]
0.04229333996772766,25337,1351,175106
4,[8,4,32,2]
0.04227398708462715,25335,1353,176939
4,[8,4,32,4]
0.04235577955842018,25335,1353,180935
4,[8,4,32,8]
0.04231135919690132,25335,1353,186120
4,[8,4,32,16]
0.04227157309651375,25335,1353,197417
4,[8,4,32,32]
0.04219987988471985,25335,1353,220397
4,[8,8,1,1]
0.2500099837779999,13344,13344,158515
4,[8,8,1,2]
0.25001081824302673,13344,13344,158267
4,[8,8,1,4]
0.0424322746694088,25337,1351,159840
4,[8,8,1,8]
0.04226115345954895,25337,1351,162216
4,[8,8,1,16]
0.042474083602428436,25336,1352,165389
4,[8,8,1,32]
0.0423993356525898,25335,1353,173602
4,[8,8,2,1]
0.25001776218414307,13344,13344,159575
4,[8,8,2,2]
0.042411383241415024,25337,1351,160416
4,[8,8,2,4]
0.25002023577690125,13344,13344,161164
4,[8,8,2,8]
0.04231526330113411,25337,1351,163739
4,[8,8,2,16]
0.04259834811091423,25337,1351,167384
4,[8,8,2,32]
0.04227691516280174,25332,1356,175876
4,[8,8,4,1]
0.25001364946365356,13344,13344,160459
4,[8,8,4,2]
0.04225626587867737,25335,1353,162578
4,[8,8,4,4]
0.04226301610469818,25337,1351,163690
4,[8,8,4,8]
0.04250292479991913,25336,1352,167606
4,[8,8,4,16]
0.04231228679418564,25337,1351,170871
4,[8,8,4,32]
0.04228249937295914,25337,1351,180713
4,[8,8,8,1]
0.250019907951355,13344,13344,165102
4,[8,8,8,2]
0.042191557586193085,25335,1353,166731
4,[8,8,8,4]
0.042348120361566544,25337,1351,168803
4,[8,8,8,8]
0.04235967993736267,25337,1351,171781
4,[8,8,8,16]
0.04218120127916336,25335,1353,176089
4,[8,8,8,32]
0.04222052916884422,25335,1353,187335
4,[8,8,16,1]
0.25001707673072815,13344,13344,169619
4,[8,8,16,2]
0.0423332117497921,25337,1351,172421
4,[8,8,16,4]
0.042446259409189224,25336,1352,173829
4,[8,8,16,8]
0.04217410460114479,25335,1353,177620
4,[8,8,16,16]
0.04227833449840546,25335,1353,185353
4,[8,8,16,32]
0.04218671843409538,25335,1353,200789
4,[8,8,32,1]
0.04235076159238815,25337,1351,182432
4,[8,8,32,2]
0.04227721318602562,25337,1351,183873
4,[8,8,32,4]
0.04225481301546097,25335,1353,187997
4,[8,8,32,8]
0.04220504313707352,25335,1353,193414
4,[8,8,32,16]
0.042155418545007706,25335,1353,204593
4,[8,8,32,32]
0.04215691611170769,25335,1353,228491
4,[8,16,1,1]
0.25001874566078186,13344,13344,164314
4,[8,16,1,2]
0.04235164076089859,25337,1351,165546
4,[8,16,1,4]
0.04245581105351448,25336,1352,167134
4,[8,16,1,8]
0.04232284426689148,25332,1356,168656
4,[8,16,1,16]
0.042513735592365265,25337,1351,171258
4,[8,16,1,32]
0.04234619438648224,25335,1353,181076
4,[8,16,2,1]
0.2500212490558624,13344,13344,166033
4,[8,16,2,2]
0.042321622371673584,25335,1353,167704
4,[8,16,2,4]
0.25000178813934326,13344,13344,167134
4,[8,16,2,8]
0.04232984036207199,25335,1353,169342
4,[8,16,2,16]
0.25001993775367737,13344,13344,172164
4,[8,16,2,32]
0.04222661629319191,25335,1353,183440
4,[8,16,4,1]
0.2500142753124237,13344,13344,167832
4,[8,16,4,2]
0.04242505505681038,25337,1351,170678
4,[8,16,4,4]
0.0423680879175663,25333,1355,170606
4,[8,16,4,8]
0.04236331582069397,25335,1353,173294
4,[8,16,4,16]
0.042300622910261154,25334,1354,178399
4,[8,16,4,32]
0.04220328480005264,25335,1353,186752
4,[8,16,8,1]
0.042420752346515656,25337,1351,173484
4,[8,16,8,2]
0.2500099837779999,13344,13344,171975
4,[8,16,8,4]
0.04216548800468445,25337,1351,176285
4,[8,16,8,8]
0.042311251163482666,25337,1351,178150
4,[8,16,8,16]
0.042204611003398895,25335,1353,184239
4,[8,16,8,32]
0.04234049469232559,25337,1351,194605
4,[8,16,16,1]
0.25000807642936707,13344,13344,180533
4,[8,16,16,2]
0.042319707572460175,25335,1353,183207
4,[8,16,16,4]
0.04224355146288872,25335,1353,184666
4,[8,16,16,8]
0.04230865091085434,25337,1351,187492
4,[8,16,16,16]
0.04215260222554207,25335,1353,194724
4,[8,16,16,32]
0.0421404130756855,25335,1353,210280
4,[8,16,32,1]
0.25001049041748047,13344,13344,195723
4,[8,16,32,2]
0.04230627045035362,25335,1353,198777
4,[8,16,32,4]
0.042327769100666046,25337,1351,203144
4,[8,16,32,8]
0.042144179344177246,25335,1353,207101
4,[8,16,32,16]
0.04225911945104599,25337,1351,219198
4,[8,16,32,32]
0.042154110968112946,25337,1351,243057
4,[8,32,1,1]
0.04245029762387276,25337,1351,177277
4,[8,32,1,2]
0.04235667362809181,25335,1353,178619
4,[8,32,1,4]
0.0423402264714241,25335,1353,179669
4,[8,32,1,8]
0.04248083382844925,25337,1351,180712
4,[8,32,1,16]
0.25001469254493713,13344,13344,183600
4,[8,32,1,32]
0.25001513957977295,13344,13344,187680
4,[8,32,2,1]
0.042364880442619324,25337,1351,178683
4,[8,32,2,2]
0.04229274019598961,25335,1353,179901
4,[8,32,2,4]
0.04243497550487518,25336,1352,180054
4,[8,32,2,8]
0.04215093329548836,25335,1353,182873
4,[8,32,2,16]
0.04227488487958908,25335,1353,187549
4,[8,32,2,32]
0.04250315576791763,25337,1351,194708
4,[8,32,4,1]
0.04246246814727783,25337,1351,182272
4,[8,32,4,2]
0.042356252670288086,25337,1351,182762
4,[8,32,4,4]
0.04227043315768242,25337,1351,184300
4,[8,32,4,8]
0.04224545136094093,25333,1355,187125
4,[8,32,4,16]
0.04223281517624855,25335,1353,190347
4,[8,32,4,32]
0.04225693643093109,25337,1351,199500
4,[8,32,8,1]
0.042469583451747894,25336,1352,188090
4,[8,32,8,2]
0.2500113248825073,13344,13344,184809
4,[8,32,8,4]
0.042246852070093155,25335,1353,190129
4,[8,32,8,8]
0.04225305840373039,25335,1353,193804
4,[8,32,8,16]
0.04228030890226364,25337,1351,198597
4,[8,32,8,32]
0.0421903096139431,25335,1353,209684
4,[8,32,16,1]
0.04230427369475365,25337,1351,199590
4,[8,32,16,2]
0.04229132458567619,25334,1354,202664
4,[8,32,16,4]
0.04235468804836273,25334,1354,204012
4,[8,32,16,8]
0.042223233729600906,25332,1356,206888
4,[8,32,16,16]
0.04221954941749573,25337,1351,214364
4,[8,32,16,32]
0.04225046932697296,25337,1351,229962
4,[8,32,32,1]
0.04232173413038254,25335,1353,223605
4,[8,32,32,2]
0.04220006614923477,25337,1351,225753
4,[8,32,32,4]
0.04236501827836037,25337,1351,227703
4,[8,32,32,8]
0.0421721525490284,25337,1351,234533
4,[8,32,32,16]
0.042143698781728745,25335,1353,246186
4,[8,32,32,32]
0.04216983914375305,25335,1353,268065
4,[16,1,1,1]
0.250009149312973,13344,13344,158412
4,[16,1,1,2]
0.2500212490558624,13344,13344,158096
4,[16,1,1,4]
0.04238804429769516,25337,1351,160438
4,[16,1,1,8]
0.2500149607658386,13344,13344,162615
4,[16,1,1,16]
0.250008761882782,13344,13344,165725
4,[16,1,1,32]
0.25001421570777893,13344,13344,173413
4,[16,1,2,1]
0.2500145137310028,13344,13344,161092
4,[16,1,2,2]
0.2500019967556,13344,13344,162699
4,[16,1,2,4]
0.04239288717508316,25337,1351,163597
4,[16,1,2,8]
0.04245251789689064,25337,1351,165728
4,[16,1,2,16]
0.25001806020736694,13344,13344,167391
4,[16,1,2,32]
0.2500123679637909,13344,13344,174990
4,[16,1,4,1]
0.04229191318154335,25337,1351,163965
4,[16,1,4,2]
0.25000640749931335,13344,13344,161914
4,[16,1,4,4]
0.04239730164408684,25337,1351,164599
4,[16,1,4,8]
0.04234844818711281,25337,1351,167878
4,[16,1,4,16]
0.04248156026005745,25335,1353,172117
4,[16,1,4,32]
0.042561110109090805,25337,1351,180204
4,[16,1,8,1]
0.25001516938209534,13344,13344,163200
4,[16,1,8,2]
0.042435172945261,25337,1351,164660
4,[16,1,8,4]
0.042404890060424805,25337,1351,168095
4,[16,1,8,8]
0.04231699928641319,25337,1351,170189
4,[16,1,8,16]
0.0423409640789032,25335,1353,175848
4,[16,1,8,32]
0.2500198185443878,13344,13344,182398
4,[16,1,16,1]
0.25001412630081177,13344,13344,166406
4,[16,1,16,2]
0.2500166893005371,13344,13344,168770
4,[16,1,16,4]
0.04436715319752693,25304,1384,171715
4,[16,1,16,8]
0.2500186860561371,13344,13344,174747
4,[16,1,16,16]
0.04246353730559349,25335,1353,182281
4,[16,1,16,32]
0.250006765127182,13344,13344,196934
4,[16,1,32,1]
0.250014990568161,13344,13344,174493
4,[16,1,32,2]
0.04239436984062195,25337,1351,178736
4,[16,1,32,4]
0.2500050365924835,13344,13344,177108
4,[16,1,32,8]
0.042540449649095535,25337,1351,187406
4,[16,1,32,16]
0.042406778782606125,25337,1351,197048
4,[16,1,32,32]
0.04238404333591461,25335,1353,219979
4,[16,2,1,1]
0.2500098645687103,13344,13344,163027
4,[16,2,1,2]
0.042250219732522964,25335,1353,164101
4,[16,2,1,4]
0.04225613549351692,25337,1351,166564
4,[16,2,1,8]
0.04233943298459053,25335,1353,166756
4,[16,2,1,16]
0.04254576563835144,25337,1351,171051
4,[16,2,1,32]
0.2500123679637909,13344,13344,175878
4,[16,2,2,1]
0.042350463569164276,25335,1353,165014
4,[16,2,2,2]
0.042457930743694305,25337,1351,164615
4,[16,2,2,4]
0.04234533756971359,25337,1351,166949
4,[16,2,2,8]
0.042597994208335876,25335,1353,168856
4,[16,2,2,16]
0.042340237647295,25337,1351,172487
4,[16,2,2,32]
0.04242546483874321,25335,1353,181819
4,[16,2,4,1]
0.042320527136325836,25335,1353,165960
4,[16,2,4,2]
0.042399413883686066,25334,1354,166624
4,[16,2,4,4]
0.0423344261944294,25337,1351,168040
4,[16,2,4,8]
0.04227878153324127,25337,1351,172018
4,[16,2,4,16]
0.2500147521495819,13344,13344,173838
4,[16,2,4,32]
0.042242877185344696,25337,1351,188004
4,[16,2,8,1]
0.04235685616731644,25337,1351,172581
4,[16,2,8,2]
0.25001049041748047,13344,13344,170767
4,[16,2,8,4]
0.042411256581544876,25337,1351,174480
4,[16,2,8,8]
0.042241182178258896,25335,1353,177668
4,[16,2,8,16]
0.04230280593037605,25337,1351,182740
4,[16,2,8,32]
0.04230884835124016,25337,1351,193787
4,[16,2,16,1]
0.2500043213367462,13344,13344,174441
4,[16,2,16,2]
0.04236895218491554,25337,1351,177763
4,[16,2,16,4]
0.04238571599125862,25337,1351,180087
4,[16,2,16,8]
0.042243555188179016,25337,1351,183727
4,[16,2,16,16]
0.042304474860429764,25335,1353,190547
4,[16,2,16,32]
0.04222892224788666,25335,1353,205775
4,[16,2,32,1]
0.0423530675470829,25337,1351,183813
4,[16,2,32,2]
0.042394619435071945,25337,1351,187222
4,[16,2,32,4]
0.0424097441136837,25337,1351,189761
4,[16,2,32,8]
0.042307835072278976,25337,1351,194726
4,[16,2,32,16]
0.042221296578645706,25335,1353,206836
4,[16,2,32,32]
0.042341448366642,25337,1351,229219
4,[16,4,1,1]
0.2500179708003998,13344,13344,168908
4,[16,4,1,2]
0.25001561641693115,13344,13344,169716
4,[16,4,1,4]
0.04249313846230507,25334,1354,173261
4,[16,4,1,8]
0.04242585226893425,25337,1351,174691
4,[16,4,1,16]
0.042427390813827515,25337,1351,178142
4,[16,4,1,32]
0.2500138580799103,13344,13344,182532
4,[16,4,2,1]
0.250013142824173,13344,13344,170442
4,[16,4,2,2]
0.04227177053689957,25337,1351,176280
4,[16,4,2,4]
0.04230951890349388,25337,1351,173780
4,[16,4,2,8]
0.042315732687711716,25337,1351,175093
4,[16,4,2,16]
0.04240432754158974,25337,1351,179519
4,[16,4,2,32]
0.04240386560559273,25335,1353,187978
4,[16,4,4,1]
0.042273521423339844,25335,1353,173133
4,[16,4,4,2]
0.2500133812427521,13344,13344,172130
4,[16,4,4,4]
0.04237580671906471,25337,1351,173608
4,[16,4,4,8]
0.04244452714920044,25337,1351,176792
4,[16,4,4,16]
0.04234755411744118,25337,1351,181438
4,[16,4,4,32]
0.04234393313527107,25337,1351,191341
4,[16,4,8,1]
0.04234869033098221,25335,1353,175669
4,[16,4,8,2]
0.25001007318496704,13344,13344,175536
4,[16,4,8,4]
0.042377769947052,25337,1351,177934
4,[16,4,8,8]
0.04239985719323158,25333,1355,181407
4,[16,4,8,16]
0.04225580766797066,25335,1353,187131
4,[16,4,8,32]
0.042215101420879364,25335,1353,197472
4,[16,4,16,1]
0.042380910366773605,25335,1353,179907
4,[16,4,16,2]
0.25001028180122375,13344,13344,179670
4,[16,4,16,4]
0.042353563010692596,25337,1351,184135
4,[16,4,16,8]
0.042319320142269135,25337,1351,187324
4,[16,4,16,16]
0.042243894189596176,25335,1353,194015
4,[16,4,16,32]
0.04217851161956787,25335,1353,209372
4,[16,4,32,1]
0.042353495955467224,25335,1353,190712
4,[16,4,32,2]
0.04236813634634018,25335,1353,191005
4,[16,4,32,4]
0.042222246527671814,25337,1351,192824
4,[16,4,32,8]
0.042331255972385406,25285,1403,199521
4,[16,4,32,16]
0.042260631918907166,25337,1351,210140
4,[16,4,32,32]
0.042162276804447174,25335,1353,235412
4,[16,8,1,1]
0.042316094040870667,25335,1353,175504
4,[16,8,1,2]
0.0422552227973938,25335,1353,176014
4,[16,8,1,4]
0.2500177323818207,13344,13344,175624
4,[16,8,1,8]
0.04232228547334671,25337,1351,178372
4,[16,8,1,16]
0.04242544248700142,25334,1354,183235
4,[16,8,1,32]
0.042362868785858154,25335,1353,191657
4,[16,8,2,1]
0.25001776218414307,13344,13344,175381
4,[16,8,2,2]
0.042468249797821045,25337,1351,178096
4,[16,8,2,4]
0.250011682510376,13344,13344,178397
4,[16,8,2,8]
0.042206890881061554,25337,1351,180139
4,[16,8,2,16]
0.04233616217970848,25337,1351,184148
4,[16,8,2,32]
0.04230360686779022,25335,1353,195034
4,[16,8,4,1]
0.04230884090065956,25335,1353,180673
4,[16,8,4,2]
0.2500164806842804,13344,13344,179703
4,[16,8,4,4]
0.04231235384941101,25337,1351,182497
4,[16,8,4,8]
0.04221063852310181,25337,1351,185562
4,[16,8,4,16]
0.04234611988067627,25336,1352,189762
4,[16,8,4,32]
0.0421944335103035,25335,1353,199208
4,[16,8,8,1]
0.04249601811170578,25337,1351,184172
4,[16,8,8,2]
0.04231124743819237,25337,1351,185240
4,[16,8,8,4]
0.042280733585357666,25337,1351,188491
4,[16,8,8,8]
0.04230592027306557,25337,1351,189671
4,[16,8,8,16]
0.04231119528412819,25337,1351,194398
4,[16,8,8,32]
0.04220186918973923,25335,1353,208352
4,[16,8,16,1]
0.2500176429748535,13344,13344,188806
4,[16,8,16,2]
0.04227982461452484,25335,1353,192680
4,[16,8,16,4]
0.0422893725335598,25332,1356,193601
4,[16,8,16,8]
0.0421769842505455,25335,1353,196626
4,[16,8,16,16]
0.04214949905872345,25335,1353,202916
4,[16,8,16,32]
0.0422828271985054,25337,1351,219653
4,[16,8,32,1]
0.04229733720421791,25335,1353,200966
4,[16,8,32,2]
0.04229427129030228,25337,1351,203175
4,[16,8,32,4]
0.04227835312485695,25337,1351,204904
4,[16,8,32,8]
0.04216727614402771,25335,1353,210906
4,[16,8,32,16]
0.042163774371147156,25335,1353,221899
4,[16,8,32,32]
0.04226239398121834,25337,1351,247434
4,[16,16,1,1]
0.042325302958488464,25337,1351,185917
4,[16,16,1,2]
0.04235446825623512,25337,1351,187199
4,[16,16,1,4]
0.25001657009124756,13344,13344,186130
4,[16,16,1,8]
0.04235471412539482,25337,1351,189764
4,[16,16,1,16]
0.25001436471939087,13344,13344,188484
4,[16,16,1,32]
0.042383287101984024,25335,1353,201542
4,[16,16,2,1]
0.25001803040504456,13344,13344,186585
4,[16,16,2,2]
0.042407091706991196,25337,1351,189572
4,[16,16,2,4]
0.042420394718647,25337,1351,191088
4,[16,16,2,8]
0.04231004789471626,25337,1351,192040
4,[16,16,2,16]
0.042343124747276306,25335,1353,196291
4,[16,16,2,32]
0.04225867614150047,25335,1353,204587
4,[16,16,4,1]
0.042360056191682816,25335,1353,184461
4,[16,16,4,2]
0.04229414463043213,25337,1351,184216
4,[16,16,4,4]
0.04250161722302437,25337,1351,181659
4,[16,16,4,8]
0.042331647127866745,25337,1351,172310
4,[16,16,4,16]
0.042219169437885284,25335,1353,172674
4,[16,16,4,32]
0.042303334921598434,25337,1351,182501
4,[16,16,8,1]
0.25001049041748047,13344,13344,165753
4,[16,16,8,2]
0.04233955591917038,25334,1354,168516
4,[16,16,8,4]
0.04221053421497345,25335,1353,170784
4,[16,16,8,8]
0.042199913412332535,25335,1353,173060
4,[16,16,8,16]
0.04220255836844444,25335,1353,178608
4,[16,16,8,32]
0.0421842560172081,25335,1353,190281
4,[16,16,16,1]
0.2500115931034088,13344,13344,172906
4,[16,16,16,2]
0.042325325310230255,25337,1351,177433
4,[16,16,16,4]
0.04230391979217529,25337,1351,179329
4,[16,16,16,8]
0.04216286167502403,25335,1353,182951
4,[16,16,16,16]
0.042242564260959625,25337,1351,190455
4,[16,16,16,32]
0.04215706139802933,25335,1353,206058
4,[16,16,32,1]
0.042343657463788986,25335,1353,189507
4,[16,16,32,2]
0.04227997735142708,25337,1351,190892
4,[16,16,32,4]
0.04227181896567345,25335,1353,195516
4,[16,16,32,8]
0.042192112654447556,25337,1351,200173
4,[16,16,32,16]
0.042221177369356155,25335,1353,212404
4,[16,16,32,32]
0.042190201580524445,25335,1353,235541
4,[16,32,1,1]
0.2500166594982147,13344,13344,170435
4,[16,32,1,2]
0.25001704692840576,13344,13344,174987
4,[16,32,1,4]
0.2500149607658386,13344,13344,175728
4,[16,32,1,8]
0.042368121445178986,25335,1353,179240
4,[16,32,1,16]
0.04234066605567932,25337,1351,181102
4,[16,32,1,32]
0.04239047318696976,25337,1351,189817
4,[16,32,2,1]
0.04243331402540207,25337,1351,177624
4,[16,32,2,2]
0.25001364946365356,13344,13344,175774
4,[16,32,2,4]
0.042420562356710434,25337,1351,178277
4,[16,32,2,8]
0.04220474511384964,25335,1353,180245
4,[16,32,2,16]
0.042306460440158844,25337,1351,183257
4,[16,32,2,32]
0.042289849370718,25337,1351,191831
4,[16,32,4,1]
0.04246652498841286,25337,1351,180896
4,[16,32,4,2]
0.04234464466571808,25335,1353,182675
4,[16,32,4,4]
0.04234221205115318,25335,1353,181275
4,[16,32,4,8]
0.04215902090072632,25335,1353,186009
4,[16,32,4,16]
0.04217729717493057,25335,1353,188944
4,[16,32,4,32]
0.04224993661046028,25335,1353,198474
4,[16,32,8,1]
0.2500157356262207,13344,13344,180939
4,[16,32,8,2]
0.04235429689288139,25335,1353,188195
4,[16,32,8,4]
0.0422787182033062,25337,1351,196761
4,[16,32,8,8]
0.042257633060216904,25337,1351,202451
4,[16,32,8,16]
0.04216788709163666,25335,1353,215637
4,[16,32,8,32]
0.04221569001674652,25335,1353,219413
4,[16,32,16,1]
0.25001412630081177,13344,13344,201732
4,[16,32,16,2]
0.04232519119977951,25337,1351,208190
4,[16,32,16,4]
0.04218454658985138,25333,1355,204674
4,[16,32,16,8]
0.04213787987828255,25335,1353,207736
4,[16,32,16,16]
0.04216134920716286,25337,1351,212387
4,[16,32,16,32]
0.04214821010828018,25335,1353,229276
4,[16,32,32,1]
0.04232465848326683,25334,1354,222407
4,[16,32,32,2]
0.25001412630081177,13344,13344,221584
4,[16,32,32,4]
0.04222118481993675,25337,1351,227329
4,[16,32,32,8]
0.042219508439302444,25335,1353,232934
4,[16,32,32,16]
0.0421951487660408,25335,1353,246599
4,[16,32,32,32]
0.04214039817452431,25333,1355,266675
4,[32,1,1,1]
0.2500205636024475,13344,13344,152529
4,[32,1,1,2]
0.2500036060810089,13344,13344,152541
4,[32,1,1,4]
0.04251701757311821,25337,1351,155420
4,[32,1,1,8]
0.2500171661376953,13344,13344,154547
4,[32,1,1,16]
0.25001493096351624,13344,13344,157853
4,[32,1,1,32]
0.2500171661376953,13344,13344,164949
4,[32,1,2,1]
0.04232827201485634,25337,1351,154412
4,[32,1,2,2]
0.25000718235969543,13344,13344,153269
4,[32,1,2,4]
0.25000739097595215,13344,13344,154773
4,[32,1,2,8]
0.042543087154626846,25337,1351,158076
4,[32,1,2,16]
0.04238668829202652,25334,1354,163079
4,[32,1,2,32]
0.25001904368400574,13344,13344,169674
4,[32,1,4,1]
0.042462848126888275,25337,1351,155496
4,[32,1,4,2]
0.2500108778476715,13344,13344,154461
4,[32,1,4,4]
0.25000834465026855,13344,13344,155782
4,[32,1,4,8]
0.2500098943710327,13344,13344,162202
4,[32,1,4,16]
0.04241251200437546,25337,1351,185528
4,[32,1,4,32]
0.04230211675167084,25337,1351,188599
4,[32,1,8,1]
0.25001877546310425,13344,13344,164694
4,[32,1,8,2]
0.04232471436262131,25335,1353,162600
4,[32,1,8,4]
0.04233773425221443,25335,1353,162253
4,[32,1,8,8]
0.2500127851963043,13344,13344,162668
4,[32,1,8,16]
0.25001245737075806,13344,13344,159332
4,[32,1,8,32]
0.25000467896461487,13344,13344,169688
4,[32,1,16,1]
0.2500169277191162,13344,13344,154855
4,[32,1,16,2]
0.04250846058130264,25334,1354,159362
4,[32,1,16,4]
0.04243393987417221,25335,1353,161702
4,[32,1,16,8]
0.042297445237636566,25335,1353,164427
4,[32,1,16,16]
0.042420655488967896,25334,1354,170524
4,[32,1,16,32]
0.04251674562692642,25337,1351,184634
4,[32,1,32,1]
0.2500094473361969,13344,13344,161705
4,[32,1,32,2]
0.04242948070168495,25335,1353,167593
4,[32,1,32,4]
0.04255148768424988,25337,1351,170715
4,[32,1,32,8]
0.04231629893183708,25335,1353,179334
4,[32,1,32,16]
0.04234602674841881,25335,1353,187986
4,[32,1,32,32]
0.25000908970832825,13344,13344,209836
4,[32,2,1,1]
0.25001758337020874,13344,13344,157679
4,[32,2,1,2]
0.25001534819602966,13344,13344,158147
4,[32,2,1,4]
0.04253600537776947,25334,1354,167029
4,[32,2,1,8]
0.04240830987691879,25337,1351,169861
4,[32,2,1,16]
0.25002023577690125,13344,13344,157439
4,[32,2,1,32]
0.042609743773937225,25337,1351,168443
4,[32,2,2,1]
0.042445700615644455,25337,1351,161722
4,[32,2,2,2]
0.2500143051147461,13344,13344,162586
4,[32,2,2,4]
0.042318545281887054,25334,1354,158638
4,[32,2,2,8]
0.04232214391231537,25335,1353,161598
4,[32,2,2,16]
0.04243246838450432,25337,1351,163225
4,[32,2,2,32]
0.042480386793613434,25337,1351,171119
4,[32,2,4,1]
0.2500167191028595,13344,13344,161246
4,[32,2,4,2]
0.042348913848400116,25335,1353,158920
4,[32,2,4,4]
0.04229135811328888,25337,1351,160071
4,[32,2,4,8]
0.042354945093393326,25335,1353,162121
4,[32,2,4,16]
0.04236511513590813,25337,1351,164901
4,[32,2,4,32]
0.25001975893974304,13344,13344,172911
4,[32,2,8,1]
0.25001224875450134,13344,13344,157765
4,[32,2,8,2]
0.25001823902130127,13344,13344,158636
4,[32,2,8,4]
0.04230087250471115,25337,1351,163338
4,[32,2,8,8]
0.042313408106565475,25337,1351,165506
4,[32,2,8,16]
0.04242461547255516,25337,1351,171136
4,[32,2,8,32]
0.042333539575338364,25337,1351,182274
4,[32,2,16,1]
0.04235682263970375,25337,1351,167382
4,[32,2,16,2]
0.2500070631504059,13344,13344,164691
4,[32,2,16,4]
0.04241329804062843,25337,1351,179005
4,[32,2,16,8]
0.04235026612877846,25337,1351,183239
4,[32,2,16,16]
0.0422653928399086,25335,1353,173744
4,[32,2,16,32]
0.042315226048231125,25337,1351,189891
4,[32,2,32,1]
0.04241059347987175,25337,1351,168038
4,[32,2,32,2]
0.04241868481040001,25337,1351,169601
4,[32,2,32,4]
0.042332302778959274,25337,1351,172869
4,[32,2,32,8]
0.042466674000024796,25337,1351,177939
4,[32,2,32,16]
0.04229086637496948,25335,1353,189435
4,[32,2,32,32]
0.042282529175281525,25337,1351,213686
4,[32,4,1,1]
0.2500106990337372,13344,13344,152665
4,[32,4,1,2]
0.2500172555446625,13344,13344,153471
4,[32,4,1,4]
0.25000908970832825,13344,13344,157982
4,[32,4,1,8]
0.2500103712081909,13344,13344,161186
4,[32,4,1,16]
0.04240541160106659,25337,1351,161179
4,[32,4,1,32]
0.042472198605537415,25337,1351,170443
4,[32,4,2,1]
0.04236973822116852,25335,1353,158756
4,[32,4,2,2]
0.042288921773433685,25337,1351,156209
4,[32,4,2,4]
0.042441077530384064,25337,1351,157433
4,[32,4,2,8]
0.042424432933330536,25337,1351,158734
4,[32,4,2,16]
0.042387668043375015,25337,1351,162902
4,[32,4,2,32]
0.042279716581106186,25337,1351,173573
4,[32,4,4,1]
0.2500172257423401,13344,13344,154805
4,[32,4,4,2]
0.25001364946365356,13344,13344,155016
4,[32,4,4,4]
0.04231269657611847,25337,1351,158605
4,[32,4,4,8]
0.042469240725040436,25335,1353,163540
4,[32,4,4,16]
0.04227767512202263,25337,1351,170286
4,[32,4,4,32]
0.042227838188409805,25337,1351,179336
4,[32,4,8,1]
0.0423298180103302,25333,1355,165236
4,[32,4,8,2]
0.25001195073127747,13344,13344,162458
4,[32,4,8,4]
0.04227859899401665,25337,1351,168758
4,[32,4,8,8]
0.042188648134469986,25334,1354,169796
4,[32,4,8,16]
0.04233802109956741,25337,1351,176160
4,[32,4,8,32]
0.04218100383877754,25335,1353,186488
4,[32,4,16,1]
0.04237255081534386,25337,1351,168526
4,[32,4,16,2]
0.04231569543480873,25335,1353,171408
4,[32,4,16,4]
0.042295556515455246,25337,1351,172118
4,[32,4,16,8]
0.04220128059387207,25337,1351,176032
4,[32,4,16,16]
0.04215887561440468,25337,1351,183912
4,[32,4,16,32]
0.042206693440675735,25335,1353,200462
4,[32,4,32,1]
0.04242035001516342,25337,1351,178333
4,[32,4,32,2]
0.04223543405532837,25335,1353,180034
4,[32,4,32,4]
0.042287565767765045,25337,1351,183988
4,[32,4,32,8]
0.042211804538965225,25335,1353,189879
4,[32,4,32,16]
0.04218386113643646,25337,1351,200919
4,[32,4,32,32]
0.042251646518707275,25337,1351,225879
4,[32,8,1,1]
0.2500181794166565,13344,13344,162963
4,[32,8,1,2]
0.2500121593475342,13344,13344,163994
4,[32,8,1,4]
0.042336490005254745,25335,1353,167107
4,[32,8,1,8]
0.04230860620737076,25335,1353,169148
4,[32,8,1,16]
0.04238063469529152,25335,1353,172115
4,[32,8,1,32]
0.04238472506403923,25337,1351,181561
4,[32,8,2,1]
0.2500113844871521,13344,13344,163646
4,[32,8,2,2]
0.25001826882362366,13344,13344,165444
4,[32,8,2,4]
0.042341265827417374,25337,1351,167294
4,[32,8,2,8]
0.04221265763044357,25337,1351,171296
4,[32,8,2,16]
0.04220437631011009,25337,1351,175105
4,[32,8,2,32]
0.04230642691254616,25335,1353,183317
4,[32,8,4,1]
0.04231167212128639,25335,1353,170450
4,[32,8,4,2]
0.042310409247875214,25335,1353,172069
4,[32,8,4,4]
0.042258575558662415,25337,1351,171842
4,[32,8,4,8]
0.04232747480273247,25335,1353,175526
4,[32,8,4,16]
0.04228517785668373,25337,1351,179776
4,[32,8,4,32]
0.042289964854717255,25337,1351,188912
4,[32,8,8,1]
0.04233168438076973,25337,1351,173096
4,[32,8,8,2]
0.042179133743047714,25335,1353,174303
4,[32,8,8,4]
0.042180776596069336,25335,1353,176207
4,[32,8,8,8]
0.04226403683423996,25335,1353,178932
4,[32,8,8,16]
0.04229356721043587,25337,1351,183491
4,[32,8,8,32]
0.04213859885931015,25335,1353,195028
4,[32,8,16,1]
0.2500215470790863,13344,13344,177436
4,[32,8,16,2]
0.04228038340806961,25332,1356,181191
4,[32,8,16,4]
0.04220219701528549,25333,1355,183183
4,[32,8,16,8]
0.04217657074332237,25337,1351,185666
4,[32,8,16,16]
0.04215457662940025,25337,1351,192763
4,[32,8,16,32]
0.04216332361102104,25335,1353,209226
4,[32,8,32,1]
0.04236709699034691,25337,1351,190240
4,[32,8,32,2]
0.04219037666916847,25333,1355,192839
4,[32,8,32,4]
0.042245738208293915,25335,1353,195002
4,[32,8,32,8]
0.042162079364061356,25335,1353,201260
4,[32,8,32,16]
0.042183853685855865,25335,1353,212676
4,[32,8,32,32]
0.042142316699028015,25335,1353,236238
4,[32,16,1,1]
0.25001126527786255,13344,13344,176889
4,[32,16,1,2]
0.2500160336494446,13344,13344,180250
4,[32,16,1,4]
0.04234487935900688,25337,1351,181513
4,[32,16,1,8]
0.04237104207277298,25335,1353,184601
4,[32,16,1,16]
0.042368609458208084,25335,1353,187307
4,[32,16,1,32]
0.042444631457328796,25335,1353,195858
4,[32,16,2,1]
0.25001299381256104,13344,13344,181385
4,[32,16,2,2]
0.2500145435333252,13344,13344,179269
4,[32,16,2,4]
0.04230394959449768,25337,1351,184331
4,[32,16,2,8]
0.2500176727771759,13344,13344,184994
4,[32,16,2,16]
0.042317409068346024,25335,1353,190650
4,[32,16,2,32]
0.04240730032324791,25337,1351,198611
4,[32,16,4,1]
0.250017911195755,13344,13344,184633
4,[32,16,4,2]
0.042252566665410995,25335,1353,185476
4,[32,16,4,4]
0.04224155843257904,25335,1353,186127
4,[32,16,4,8]
0.04217510670423508,25337,1351,189441
4,[32,16,4,16]
0.04221542924642563,25335,1353,194117
4,[32,16,4,32]
0.04219035059213638,25335,1353,203138
4,[32,16,8,1]
0.042347121983766556,25335,1353,188642
4,[32,16,8,2]
0.042251065373420715,25335,1353,191206
4,[32,16,8,4]
0.042180582880973816,25333,1355,192270
4,[32,16,8,8]
0.04226240515708923,25337,1351,193944
4,[32,16,8,16]
0.04216731712222099,25335,1353,198867
4,[32,16,8,32]
0.042198546230793,25335,1353,209138
4,[32,16,16,1]
0.04245494306087494,25337,1351,194941
4,[32,16,16,2]
0.0423259362578392,25337,1351,197617
4,[32,16,16,4]
0.04222246631979942,25337,1351,198958
4,[32,16,16,8]
0.04220227152109146,25335,1353,203096
4,[32,16,16,16]
0.042173098772764206,25333,1355,209401
4,[32,16,16,32]
0.04217446595430374,25335,1353,224758
4,[32,16,32,1]
0.249986469745636,13344,13344,207867
4,[32,16,32,2]
0.042321812361478806,25334,1354,212353
4,[32,16,32,4]
0.04225270822644234,25335,1353,214977
4,[32,16,32,8]
0.0421687588095665,25335,1353,220557
4,[32,16,32,16]
0.04218999668955803,25337,1351,231577
4,[32,16,32,32]
0.042210642248392105,25335,1353,255934
4,[32,32,1,1]
0.04233136028051376,25334,1354,203721
4,[32,32,1,2]
0.04231731593608856,25335,1353,203340
4,[32,32,1,4]
0.25001493096351624,13344,13344,199660
4,[32,32,1,8]
0.25000908970832825,13344,13344,206753
4,[32,32,1,16]
0.25001204013824463,13344,13344,202983
4,[32,32,1,32]
0.04224980250000954,25335,1353,218716
4,[32,32,2,1]
0.04241189360618591,25337,1351,206615
4,[32,32,2,2]
0.04237297177314758,25337,1351,208184
4,[32,32,2,4]
0.04230523481965065,25337,1351,207031
4,[32,32,2,8]
0.042201872915029526,25335,1353,209095
4,[32,32,2,16]
0.04237007349729538,25335,1353,213220
4,[32,32,2,32]
0.0422012023627758,25337,1351,221118
4,[32,32,4,1]
0.04231204465031624,25335,1353,209059
4,[32,32,4,2]
0.04231588542461395,25335,1353,208621
4,[32,32,4,4]
0.04231436178088188,25337,1351,210248
4,[32,32,4,8]
0.04218369722366333,25335,1353,213306
4,[32,32,4,16]
0.042184777557849884,25333,1355,217210
4,[32,32,4,32]
0.04240705072879791,25335,1353,225976
4,[32,32,8,1]
0.04230267181992531,25335,1353,213972
4,[32,32,8,2]
0.042204055935144424,25337,1351,216265
4,[32,32,8,4]
0.04229257255792618,25337,1351,219714
4,[32,32,8,8]
0.042194169014692307,25335,1353,220692
4,[32,32,8,16]
0.04216926172375679,25016,1672,225920
4,[32,32,8,32]
0.04215172305703163,25335,1353,237113
4,[32,32,16,1]
0.2500135600566864,13344,13344,225725
4,[32,32,16,2]
0.25001007318496704,13344,13344,219852
4,[32,32,16,4]
0.042247023433446884,25337,1351,230550
4,[32,32,16,8]
0.04221772402524948,25335,1353,233592
4,[32,32,16,16]
0.04224705696105957,25337,1351,240712
4,[32,32,16,32]
0.04218411445617676,25333,1355,257638
4,[32,32,32,1]
0.25001296401023865,13344,13344,245590
4,[32,32,32,2]
0.042188066989183426,25335,1353,258119
4,[32,32,32,4]
0.042151618748903275,25333,1355,262220
4,[32,32,32,8]
0.04217549040913582,25337,1351,266417
4,[32,32,32,16]
0.04216575250029564,25335,1353,279353
4,[32,32,32,32]
0.04217788577079773,25337,1351,301993
