5,[4,1,1,1,1]
0.2500191330909729,13344,13344,110523
5,[4,1,1,1,2]
0.25001612305641174,13344,13344,116140
5,[4,1,1,1,4]
0.25001609325408936,13344,13344,111391
5,[4,1,1,1,8]
0.2500165104866028,13344,13344,131679
5,[4,1,1,1,16]
0.2500087022781372,13344,13344,109857
5,[4,1,1,1,32]
0.25001025199890137,13344,13344,114034
5,[4,1,1,2,1]
0.2500167191028595,13344,13344,125382
5,[4,1,1,2,2]
0.2500045597553253,13344,13344,124963
5,[4,1,1,2,4]
0.042487505823373795,25336,1352,127368
5,[4,1,1,2,8]
0.04232541099190712,25335,1353,130179
5,[4,1,1,2,16]
0.2500095069408417,13344,13344,135303
5,[4,1,1,2,32]
0.25001007318496704,13344,13344,145940
5,[4,1,1,4,1]
0.25000569224357605,13344,13344,131297
5,[4,1,1,4,2]
0.25001391768455505,13344,13344,130777
5,[4,1,1,4,4]
0.25001800060272217,13344,13344,134311
5,[4,1,1,4,8]
0.22860395908355713,15639,11049,137346
5,[4,1,1,4,16]
0.25001412630081177,13344,13344,142091
5,[4,1,1,4,32]
0.25001510977745056,13344,13344,150446
5,[4,1,1,8,1]
0.25000712275505066,13344,13344,134294
5,[4,1,1,8,2]
0.25001516938209534,13344,13344,135336
5,[4,1,1,8,4]
0.2500044107437134,13344,13344,138784
5,[4,1,1,8,8]
0.2500022053718567,13344,13344,143172
5,[4,1,1,8,16]
0.0425696037709713,25336,1352,150188
5,[4,1,1,8,32]
0.04266548156738281,25336,1352,163410
5,[4,1,1,16,1]
0.04249219968914986,25336,1352,131948
5,[4,1,1,16,2]
0.2500125765800476,13344,13344,128483
5,[4,1,1,16,4]
0.042544905096292496,25336,1352,131148
5,[4,1,1,16,8]
0.04248452186584473,25337,1351,135571
5,[4,1,1,16,16]
0.25000134110450745,13344,13344,139505
5,[4,1,1,16,32]
0.04242338985204697,25337,1351,160257
5,[4,1,1,32,1]
0.25001081824302673,13344,13344,135426
5,[4,1,1,32,2]
0.2500187158584595,13344,13344,137125
5,[4,1,1,32,4]
0.2500140964984894,13344,13344,145191
5,[4,1,1,32,8]
0.2500174939632416,13344,13344,149705
5,[4,1,1,32,16]
0.2500150501728058,13344,13344,159378
5,[4,1,1,32,32]
0.25001442432403564,13344,13344,182061
5,[4,1,2,1,1]
0.25001412630081177,13344,13344,124940
5,[4,1,2,1,2]
0.25001949071884155,13344,13344,126107
5,[4,1,2,1,4]
0.25001174211502075,13344,13344,127044
5,[4,1,2,1,8]
0.2500188946723938,13344,13344,127429
5,[4,1,2,1,16]
0.2500147521495819,13344,13344,127842
5,[4,1,2,1,32]
0.2500135004520416,13344,13344,139262
5,[4,1,2,2,1]
0.2500157356262207,13344,13344,124487
5,[4,1,2,2,2]
0.04248558357357979,25336,1352,126510
5,[4,1,2,2,4]
0.25001195073127747,13344,13344,126218
5,[4,1,2,2,8]
0.2500159442424774,13344,13344,129783
5,[4,1,2,2,16]
0.25001683831214905,13344,13344,133774
5,[4,1,2,2,32]
0.2500143349170685,13344,13344,141170
5,[4,1,2,4,1]
0.2500157356262207,13344,13344,128120
5,[4,1,2,4,2]
0.04244735464453697,25336,1352,137260
5,[4,1,2,4,4]
0.2500172257423401,13344,13344,135717
5,[4,1,2,4,8]
0.042539648711681366,25334,1354,136938
5,[4,1,2,4,16]
0.2500160038471222,13344,13344,130610
5,[4,1,2,4,32]
0.25000783801078796,13344,13344,138260
5,[4,1,2,8,1]
0.25000977516174316,13344,13344,132354
5,[4,1,2,8,2]
0.2500156760215759,13344,13344,132233
5,[4,1,2,8,4]
0.2500137686729431,13344,13344,135694
5,[4,1,2,8,8]
0.042397640645504,25337,1351,141078
5,[4,1,2,8,16]
0.042321156710386276,25335,1353,144302
5,[4,1,2,8,32]
0.04234565049409866,25337,1351,157171
5,[4,1,2,16,1]
0.25001344084739685,13344,13344,137420
5,[4,1,2,16,2]
0.25000789761543274,13344,13344,138287
5,[4,1,2,16,4]
0.2500125765800476,13344,13344,138822
5,[4,1,2,16,8]
0.04247279465198517,25337,1351,146580
5,[4,1,2,16,16]
0.04252489656209946,25337,1351,153436
5,[4,1,2,16,32]
0.25001782178878784,13344,13344,168268
5,[4,1,2,32,1]
0.2500089406967163,13344,13344,143715
5,[4,1,2,32,2]
0.2500176429748535,13344,13344,146509
5,[4,1,2,32,4]
0.25001028180122375,13344,13344,148774
5,[4,1,2,32,8]
0.2500147223472595,13344,13344,154455
5,[4,1,2,32,16]
0.25001686811447144,13344,13344,164303
5,[4,1,2,32,32]
0.04255225509405136,25336,1352,195388
5,[4,1,4,1,1]
0.25001853704452515,13344,13344,129934
5,[4,1,4,1,2]
0.25001421570777893,13344,13344,131577
5,[4,1,4,1,4]
0.2500137984752655,13344,13344,134081
5,[4,1,4,1,8]
0.25000542402267456,13344,13344,132080
5,[4,1,4,1,16]
0.250016450881958,13344,13344,135564
5,[4,1,4,1,32]
0.25001096725463867,13344,13344,143339
5,[4,1,4,2,1]
0.04253654554486275,25336,1352,131214
5,[4,1,4,2,2]
0.250016987323761,13344,13344,131040
5,[4,1,4,2,4]
0.042815662920475006,25337,1351,132968
5,[4,1,4,2,8]
0.2500119209289551,13344,13344,133153
5,[4,1,4,2,16]
0.2500093877315521,13344,13344,137836
5,[4,1,4,2,32]
0.04255202040076256,25336,1352,150011
5,[4,1,4,4,1]
0.25000327825546265,13344,13344,132651
5,[4,1,4,4,2]
0.042805202305316925,25336,1352,133786
5,[4,1,4,4,4]
0.0425233393907547,25336,1352,137477
5,[4,1,4,4,8]
0.2500103712081909,13344,13344,139122
5,[4,1,4,4,16]
0.2500167191028595,13344,13344,142244
5,[4,1,4,4,32]
0.25000888109207153,13344,13344,149025
5,[4,1,4,8,1]
0.25001102685928345,13344,13344,135959
5,[4,1,4,8,2]
0.2500137388706207,13344,13344,137931
5,[4,1,4,8,4]
0.2500123977661133,13344,13344,139511
5,[4,1,4,8,8]
0.25001832842826843,13344,13344,143260
5,[4,1,4,8,16]
0.25001782178878784,13344,13344,156651
5,[4,1,4,8,32]
0.04245829954743385,25336,1352,168597
5,[4,1,4,16,1]
0.2500125765800476,13344,13344,150890
5,[4,1,4,16,2]
0.25001704692840576,13344,13344,152327
5,[4,1,4,16,4]
0.04244808480143547,25337,1351,158214
5,[4,1,4,16,8]
0.25000983476638794,13344,13344,159852
5,[4,1,4,16,16]
0.25001898407936096,13344,13344,167535
5,[4,1,4,16,32]
0.042490310966968536,25337,1351,186436
5,[4,1,4,32,1]
0.25001582503318787,13344,13344,163693
5,[4,1,4,32,2]
0.2500191330909729,13344,13344,160273
5,[4,1,4,32,4]
0.04237222671508789,25335,1353,165199
5,[4,1,4,32,8]
0.04241161793470383,25335,1353,164792
5,[4,1,4,32,16]
0.2500123083591461,13344,13344,169815
5,[4,1,4,32,32]
0.04234416410326958,25337,1351,210796
5,[4,1,8,1,1]
0.25001418590545654,13344,13344,136184
5,[4,1,8,1,2]
0.25001728534698486,13344,13344,132692
5,[4,1,8,1,4]
0.2500058710575104,13344,13344,134303
5,[4,1,8,1,8]
0.2500130236148834,13344,13344,138038
5,[4,1,8,1,16]
0.042408693581819534,25337,1351,142771
5,[4,1,8,1,32]
0.25002068281173706,13344,13344,149922
5,[4,1,8,2,1]
0.2500167489051819,13344,13344,136820
5,[4,1,8,2,2]
0.25001683831214905,13344,13344,136326
5,[4,1,8,2,4]
0.25001657009124756,13344,13344,137747
5,[4,1,8,2,8]
0.2500210702419281,13344,13344,141575
5,[4,1,8,2,16]
0.2500111758708954,13344,13344,145366
5,[4,1,8,2,32]
0.22214451432228088,16201,10487,157548
5,[4,1,8,4,1]
0.25002020597457886,13344,13344,139621
5,[4,1,8,4,2]
0.04295704886317253,25336,1352,143472
5,[4,1,8,4,4]
0.04235023632645607,25335,1353,155579
5,[4,1,8,4,8]
0.2500111162662506,13344,13344,154800
5,[4,1,8,4,16]
0.25001224875450134,13344,13344,156813
5,[4,1,8,4,32]
0.25001704692840576,13344,13344,166553
5,[4,1,8,8,1]
0.2500140070915222,13344,13344,149793
5,[4,1,8,8,2]
0.25001776218414307,13344,13344,150190
5,[4,1,8,8,4]
0.2500118613243103,13344,13344,151469
5,[4,1,8,8,8]
0.042446643114089966,25337,1351,154998
5,[4,1,8,8,16]
0.042405854910612106,25337,1351,161151
5,[4,1,8,8,32]
0.04250781610608101,25336,1352,173438
5,[4,1,8,16,1]
0.25002074241638184,13344,13344,152792
5,[4,1,8,16,2]
0.0425279401242733,25337,1351,158254
5,[4,1,8,16,4]
0.22211895883083344,16201,10487,159069
5,[4,1,8,16,8]
0.25000980496406555,13344,13344,162432
5,[4,1,8,16,16]
0.04247325658798218,25337,1351,171236
5,[4,1,8,16,32]
0.25000596046447754,13344,13344,179629
5,[4,1,8,32,1]
0.04262334108352661,25337,1351,165914
5,[4,1,8,32,2]
0.042345985770225525,25335,1353,168324
5,[4,1,8,32,4]
0.21721439063549042,15849,10839,171163
5,[4,1,8,32,8]
0.04229068011045456,25335,1353,177922
5,[4,1,8,32,16]
0.04260749742388725,25337,1351,188189
5,[4,1,8,32,32]
0.25001680850982666,13344,13344,204913
5,[4,1,16,1,1]
0.25001752376556396,13344,13344,146228
5,[4,1,16,1,2]
0.25001075863838196,13344,13344,150926
5,[4,1,16,1,4]
0.25000274181365967,13344,13344,151384
5,[4,1,16,1,8]
0.04239349067211151,25337,1351,154816
5,[4,1,16,1,16]
0.042473774403333664,25336,1352,158893
5,[4,1,16,1,32]
0.04253596067428589,25336,1352,168360
5,[4,1,16,2,1]
0.04259733855724335,25336,1352,154266
5,[4,1,16,2,2]
0.25001174211502075,13344,13344,152357
5,[4,1,16,2,4]
0.25001421570777893,13344,13344,155927
5,[4,1,16,2,8]
0.04256148263812065,25336,1352,158731
5,[4,1,16,2,16]
0.2500109076499939,13344,13344,159488
5,[4,1,16,2,32]
0.042408011853694916,25337,1351,170350
5,[4,1,16,4,1]
0.042461901903152466,25337,1351,156781
5,[4,1,16,4,2]
0.2500112056732178,13344,13344,153528
5,[4,1,16,4,4]
0.25001630187034607,13344,13344,155578
5,[4,1,16,4,8]
0.04242947697639465,25337,1351,160590
5,[4,1,16,4,16]
0.04240214452147484,25337,1351,166222
5,[4,1,16,4,32]
0.25001710653305054,13344,13344,171226
5,[4,1,16,8,1]
0.0425756573677063,25333,1355,160770
5,[4,1,16,8,2]
0.2500031590461731,13344,13344,157807
5,[4,1,16,8,4]
0.25001391768455505,13344,13344,162406
5,[4,1,16,8,8]
0.04243211820721626,25337,1351,166036
5,[4,1,16,8,16]
0.0424983985722065,25336,1352,170882
5,[4,1,16,8,32]
0.042445696890354156,25337,1351,182991
5,[4,1,16,16,1]
0.25001761317253113,13344,13344,163914
5,[4,1,16,16,2]
0.04248708859086037,25333,1355,163871
5,[4,1,16,16,4]
0.2500133514404297,13344,13344,153259
5,[4,1,16,16,8]
0.04252996668219566,25337,1351,159444
5,[4,1,16,16,16]
0.04254180192947388,25336,1352,167693
5,[4,1,16,16,32]
0.2500127851963043,13344,13344,176306
5,[4,1,16,32,1]
0.2500157654285431,13344,13344,162741
5,[4,1,16,32,2]
0.25001421570777893,13344,13344,163563
5,[4,1,16,32,4]
0.25001266598701477,13344,13344,166491
5,[4,1,16,32,8]
0.042432963848114014,25337,1351,176628
5,[4,1,16,32,16]
0.24998915195465088,13344,13344,186430
5,[4,1,16,32,32]
0.04256076365709305,25335,1353,213747
5,[4,1,32,1,1]
0.2500123977661133,13344,13344,143658
5,[4,1,32,1,2]
0.25001171231269836,13344,13344,143769
5,[4,1,32,1,4]
0.04275422543287277,25335,1353,146807
5,[4,1,32,1,8]
0.25001439452171326,13344,13344,146604
5,[4,1,32,1,16]
0.250016987323761,13344,13344,148946
5,[4,1,32,1,32]
0.04233914986252785,25337,1351,159790
5,[4,1,32,2,1]
0.250011146068573,13344,13344,146107
5,[4,1,32,2,2]
0.25000786781311035,13344,13344,148045
5,[4,1,32,2,4]
0.2500184178352356,13344,13344,166930
5,[4,1,32,2,8]
0.04254327341914177,25337,1351,169590
5,[4,1,32,2,16]
0.25000059604644775,13344,13344,169310
5,[4,1,32,2,32]
0.04241855442523956,25336,1352,179743
5,[4,1,32,4,1]
0.250014066696167,13344,13344,164664
5,[4,1,32,4,2]
0.2500140368938446,13344,13344,168428
5,[4,1,32,4,4]
0.2500115931034088,13344,13344,168506
5,[4,1,32,4,8]
0.04252929612994194,25336,1352,172039
5,[4,1,32,4,16]
0.25000765919685364,13344,13344,171107
5,[4,1,32,4,32]
0.04237103462219238,25337,1351,184855
5,[4,1,32,8,1]
0.042489852756261826,25336,1352,171454
5,[4,1,32,8,2]
0.04779002070426941,25286,1402,173488
5,[4,1,32,8,4]
0.25002074241638184,13344,13344,171373
5,[4,1,32,8,8]
0.2500123679637909,13344,13344,173320
5,[4,1,32,8,16]
0.04240528494119644,25334,1354,182702
5,[4,1,32,8,32]
0.25001147389411926,13344,13344,187381
5,[4,1,32,16,1]
0.0704459622502327,24506,2182,183610
5,[4,1,32,16,2]
0.042539287358522415,25336,1352,185219
5,[4,1,32,16,4]
0.2500165104866028,13344,13344,182611
5,[4,1,32,16,8]
0.042671509087085724,25336,1352,190377
5,[4,1,32,16,16]
0.042330458760261536,25335,1353,202172
5,[4,1,32,16,32]
0.07017704099416733,24506,2182,216699
5,[4,1,32,32,1]
0.2500157654285431,13344,13344,204119
5,[4,1,32,32,2]
0.2500169277191162,13344,13344,202586
5,[4,1,32,32,4]
0.2500135898590088,13344,13344,203066
5,[4,1,32,32,8]
0.04242034628987312,25337,1351,212952
5,[4,1,32,32,16]
0.04256412759423256,25335,1353,221435
5,[4,1,32,32,32]
0.25000718235969543,13344,13344,228032
5,[4,2,1,1,1]
0.2500108778476715,13344,13344,135646
5,[4,2,1,1,2]
0.2500116229057312,13344,13344,135803
5,[4,2,1,1,4]
0.25000911951065063,13344,13344,137805
5,[4,2,1,1,8]
0.2500145435333252,13344,13344,138017
5,[4,2,1,1,16]
0.25001761317253113,13344,13344,142175
5,[4,2,1,1,32]
0.25000491738319397,13344,13344,149231
5,[4,2,1,2,1]
0.2500167191028595,13344,13344,138655
5,[4,2,1,2,2]
0.25001513957977295,13344,13344,138666
5,[4,2,1,2,4]
0.04226375371217728,25335,1353,140300
5,[4,2,1,2,8]
0.04244627058506012,25336,1352,142312
5,[4,2,1,2,16]
0.042441945523023605,25334,1354,147581
5,[4,2,1,2,32]
0.04264872148633003,25337,1351,156139
5,[4,2,1,4,1]
0.24999770522117615,13344,13344,140169
5,[4,2,1,4,2]
0.042360659688711166,25337,1351,141434
5,[4,2,1,4,4]
0.25000661611557007,13344,13344,143116
5,[4,2,1,4,8]
0.042476948350667953,25336,1352,145320
5,[4,2,1,4,16]
0.2500104010105133,13344,13344,147833
5,[4,2,1,4,32]
0.04285338893532753,25336,1352,160232
5,[4,2,1,8,1]
0.25000879168510437,13344,13344,142363
5,[4,2,1,8,2]
0.2500166893005371,13344,13344,143859
5,[4,2,1,8,4]
0.25001463294029236,13344,13344,146715
5,[4,2,1,8,8]
0.042491644620895386,25336,1352,148583
5,[4,2,1,8,16]
0.042416952550411224,25336,1352,154751
5,[4,2,1,8,32]
0.07946290820837021,24257,2431,165538
5,[4,2,1,16,1]
0.2500133514404297,13344,13344,147182
5,[4,2,1,16,2]
0.25000715255737305,13344,13344,147831
5,[4,2,1,16,4]
0.250016987323761,13344,13344,149871
5,[4,2,1,16,8]
0.0423685722053051,25335,1353,154599
5,[4,2,1,16,16]
0.25000059604644775,13344,13344,159257
5,[4,2,1,16,32]
0.2500167489051819,13344,13344,173769
5,[4,2,1,32,1]
0.25001853704452515,13344,13344,153314
5,[4,2,1,32,2]
0.042302392423152924,25334,1354,158416
5,[4,2,1,32,4]
0.2500098943710327,13344,13344,157251
5,[4,2,1,32,8]
0.2500145435333252,13344,13344,162385
5,[4,2,1,32,16]
0.250014990568161,13344,13344,173402
5,[4,2,1,32,32]
0.250019371509552,13344,13344,194246
5,[4,2,2,1,1]
0.2500143051147461,13344,13344,142588
5,[4,2,2,1,2]
0.042435985058546066,25336,1352,144690
5,[4,2,2,1,4]
0.04242391139268875,25336,1352,145110
5,[4,2,2,1,8]
0.06983771920204163,24531,2157,147194
5,[4,2,2,1,16]
0.2500113844871521,13344,13344,148174
5,[4,2,2,1,32]
0.04252827167510986,25336,1352,157437
5,[4,2,2,2,1]
0.0423593632876873,25334,1354,144291
5,[4,2,2,2,2]
0.25001564621925354,13344,13344,145418
5,[4,2,2,2,4]
0.2500104606151581,13344,13344,145954
5,[4,2,2,2,8]
0.25000429153442383,13344,13344,147113
5,[4,2,2,2,16]
0.042320773005485535,25335,1353,152288
5,[4,2,2,2,32]
0.2500050365924835,13344,13344,157472
5,[4,2,2,4,1]
0.2500160038471222,13344,13344,145671
5,[4,2,2,4,2]
0.25001612305641174,13344,13344,145048
5,[4,2,2,4,4]
0.2500172257423401,13344,13344,153009
5,[4,2,2,4,8]
0.04249034449458122,25336,1352,156166
5,[4,2,2,4,16]
0.04237709194421768,25334,1354,159064
5,[4,2,2,4,32]
0.04255980625748634,25336,1352,168792
5,[4,2,2,8,1]
0.2500143051147461,13344,13344,151310
5,[4,2,2,8,2]
0.25000399351119995,13344,13344,151063
5,[4,2,2,8,4]
0.042414590716362,25337,1351,154987
5,[4,2,2,8,8]
0.04249860346317291,25336,1352,158041
5,[4,2,2,8,16]
0.04231128841638565,25337,1351,162190
5,[4,2,2,8,32]
0.042985957115888596,25332,1356,172555
5,[4,2,2,16,1]
0.042448125779628754,25336,1352,155484
5,[4,2,2,16,2]
0.2500223219394684,13344,13344,155328
5,[4,2,2,16,4]
0.04237346723675728,25337,1351,158188
5,[4,2,2,16,8]
0.04249251261353493,25336,1352,161642
5,[4,2,2,16,16]
0.10567271709442139,23284,3404,169011
5,[4,2,2,16,32]
0.042568810284137726,25336,1352,184700
5,[4,2,2,32,1]
0.25000226497650146,13344,13344,160834
5,[4,2,2,32,2]
0.2500058710575104,13344,13344,162057
5,[4,2,2,32,4]
0.04239014536142349,25337,1351,168411
5,[4,2,2,32,8]
0.04258197546005249,25336,1352,174333
5,[4,2,2,32,16]
0.25000759959220886,13344,13344,184157
5,[4,2,2,32,32]
0.04239039495587349,25337,1351,208524
5,[4,2,4,1,1]
0.04244265332818031,25336,1352,150567
5,[4,2,4,1,2]
0.2500138580799103,13344,13344,149876
5,[4,2,4,1,4]
0.2500118017196655,13344,13344,150519
5,[4,2,4,1,8]
0.25001260638237,13344,13344,151575
5,[4,2,4,1,16]
0.2500069737434387,13344,13344,154491
5,[4,2,4,1,32]
0.042476192116737366,25333,1355,163788
5,[4,2,4,2,1]
0.2500147819519043,13344,13344,149704
5,[4,2,4,2,2]
0.2500136196613312,13344,13344,150682
5,[4,2,4,2,4]
0.2500048577785492,13344,13344,151222
5,[4,2,4,2,8]
0.04250629246234894,25336,1352,154172
5,[4,2,4,2,16]
0.25001558661460876,13344,13344,155590
5,[4,2,4,2,32]
0.042423054575920105,25335,1353,166069
5,[4,2,4,4,1]
0.042426496744155884,25336,1352,150995
5,[4,2,4,4,2]
0.04253515973687172,25336,1352,152141
5,[4,2,4,4,4]
0.04245780408382416,25337,1351,153526
5,[4,2,4,4,8]
0.0422293096780777,25335,1353,155982
5,[4,2,4,4,16]
0.042679376900196075,25334,1354,159367
5,[4,2,4,4,32]
0.25000831484794617,13344,13344,167046
5,[4,2,4,8,1]
0.04257843270897865,25336,1352,155793
5,[4,2,4,8,2]
0.25001177191734314,13344,13344,155181
5,[4,2,4,8,4]
0.042502760887145996,25333,1355,158685
5,[4,2,4,8,8]
0.04245922341942787,25336,1352,160922
5,[4,2,4,8,16]
0.04254135116934776,25336,1352,165846
5,[4,2,4,8,32]
0.0424838624894619,25336,1352,176959
5,[4,2,4,16,1]
0.2500159740447998,13344,13344,159139
5,[4,2,4,16,2]
0.04241728410124779,25337,1351,162471
5,[4,2,4,16,4]
0.042469486594200134,25337,1351,162702
5,[4,2,4,16,8]
0.04238592088222504,25333,1355,166791
5,[4,2,4,16,16]
0.04233996942639351,25337,1351,173933
5,[4,2,4,16,32]
0.042583074420690536,25336,1352,188878
5,[4,2,4,32,1]
0.2500131130218506,13344,13344,166721
5,[4,2,4,32,2]
0.2500212490558624,13344,13344,166266
5,[4,2,4,32,4]
0.04256097599864006,25337,1351,172861
5,[4,2,4,32,8]
0.042325206100940704,25335,1353,178329
5,[4,2,4,32,16]
0.042345862835645676,25337,1351,189271
5,[4,2,4,32,32]
0.04253770783543587,25336,1352,211228
5,[4,2,8,1,1]
0.04291636124253273,25336,1352,153498
5,[4,2,8,1,2]
0.04223193600773811,25335,1353,155388
5,[4,2,8,1,4]
0.04263077676296234,25336,1352,156273
5,[4,2,8,1,8]
0.2500167787075043,13344,13344,157169
5,[4,2,8,1,16]
0.2500110864639282,13344,13344,160666
5,[4,2,8,1,32]
0.042328983545303345,25335,1353,170953
5,[4,2,8,2,1]
0.2500148415565491,13344,13344,156131
5,[4,2,8,2,2]
0.25001591444015503,13344,13344,157704
5,[4,2,8,2,4]
0.04230635613203049,25335,1353,159864
5,[4,2,8,2,8]
0.04257047176361084,25337,1351,160734
5,[4,2,8,2,16]
0.25001463294029236,13344,13344,162889
5,[4,2,8,2,32]
0.042493026703596115,25337,1351,172837
5,[4,2,8,4,1]
0.2500143051147461,13344,13344,159767
5,[4,2,8,4,2]
0.042484547942876816,25336,1352,160391
5,[4,2,8,4,4]
0.042532648891210556,25336,1352,161739
5,[4,2,8,4,8]
0.042471062391996384,25336,1352,163748
5,[4,2,8,4,16]
0.04246477782726288,25337,1351,168187
5,[4,2,8,4,32]
0.04251885041594505,25336,1352,176358
5,[4,2,8,8,1]
0.04250957444310188,25336,1352,161806
5,[4,2,8,8,2]
0.042484525591135025,25337,1351,163128
5,[4,2,8,8,4]
0.042472973465919495,25333,1355,164337
5,[4,2,8,8,8]
0.04249374195933342,25336,1352,167628
5,[4,2,8,8,16]
0.042379092425107956,25335,1353,171908
5,[4,2,8,8,32]
0.04274929687380791,25337,1351,182641
5,[4,2,8,16,1]
0.2500131130218506,13344,13344,164920
5,[4,2,8,16,2]
0.07860615104436874,23512,3176,169921
5,[4,2,8,16,4]
0.04241492971777916,25336,1352,170692
5,[4,2,8,16,8]
0.042674243450164795,25336,1352,174503
5,[4,2,8,16,16]
0.04239298403263092,25336,1352,180811
5,[4,2,8,16,32]
0.0423303060233593,25337,1351,195260
5,[4,2,8,32,1]
0.25001436471939087,13344,13344,176942
5,[4,2,8,32,2]
0.2500162422657013,13344,13344,177410
5,[4,2,8,32,4]
0.042424749583005905,25335,1353,183257
5,[4,2,8,32,8]
0.25000903010368347,13344,13344,184229
5,[4,2,8,32,16]
0.042494915425777435,25337,1351,200367
5,[4,2,8,32,32]
0.04228721559047699,25337,1351,224295
5,[4,2,16,1,1]
0.25001463294029236,13344,13344,162160
5,[4,2,16,1,2]
0.25000274181365967,13344,13344,162433
5,[4,2,16,1,4]
0.04287555813789368,25336,1352,163375
5,[4,2,16,1,8]
0.04250418022274971,25336,1352,165389
5,[4,2,16,1,16]
0.25001612305641174,13344,13344,166986
5,[4,2,16,1,32]
0.04254981502890587,25336,1352,177225
5,[4,2,16,2,1]
0.042409393936395645,25337,1351,164133
5,[4,2,16,2,2]
0.25001296401023865,13344,13344,163647
5,[4,2,16,2,4]
0.04249555990099907,25336,1352,166132
5,[4,2,16,2,8]
0.25001412630081177,13344,13344,169961
5,[4,2,16,2,16]
0.2500059902667999,13344,13344,168603
5,[4,2,16,2,32]
0.2500189244747162,13344,13344,175439
5,[4,2,16,4,1]
0.2500152885913849,13344,13344,165862
5,[4,2,16,4,2]
0.04239881411194801,25336,1352,167328
5,[4,2,16,4,4]
0.042474281042814255,25337,1351,167863
5,[4,2,16,4,8]
0.042338572442531586,25336,1352,169855
5,[4,2,16,4,16]
0.042328521609306335,25337,1351,175986
5,[4,2,16,4,32]
0.04234332963824272,25335,1353,183551
5,[4,2,16,8,1]
0.2500183582305908,13344,13344,167704
5,[4,2,16,8,2]
0.04234801232814789,25335,1353,170987
5,[4,2,16,8,4]
0.04254178702831268,25336,1352,172679
5,[4,2,16,8,8]
0.04242921248078346,25334,1354,175213
5,[4,2,16,8,16]
0.2500106990337372,13344,13344,175904
5,[4,2,16,8,32]
0.0423128642141819,25337,1351,190819
5,[4,2,16,16,1]
0.25001707673072815,13344,13344,177306
5,[4,2,16,16,2]
0.04257845878601074,25336,1352,177969
5,[4,2,16,16,4]
0.04225131869316101,25337,1351,180671
5,[4,2,16,16,8]
0.2500191628932953,13344,13344,179367
5,[4,2,16,16,16]
0.04232848063111305,25337,1351,191239
5,[4,2,16,16,32]
0.04242207109928131,25337,1351,206039
5,[4,2,16,32,1]
0.2500145435333252,13344,13344,188653
5,[4,2,16,32,2]
0.250009149312973,13344,13344,192305
5,[4,2,16,32,4]
0.042193759232759476,25335,1353,196011
5,[4,2,16,32,8]
0.042373016476631165,25337,1351,201732
5,[4,2,16,32,16]
0.042281050235033035,25337,1351,213786
5,[4,2,16,32,32]
0.042344801127910614,25337,1351,236220
5,[4,2,32,1,1]
0.25001540780067444,13344,13344,167810
5,[4,2,32,1,2]
0.04248516261577606,25336,1352,171638
5,[4,2,32,1,4]
0.25000840425491333,13344,13344,168708
5,[4,2,32,1,8]
0.042339809238910675,25335,1353,173146
5,[4,2,32,1,16]
0.2500172257423401,13344,13344,173717
5,[4,2,32,1,32]
0.042566198855638504,25336,1352,184253
5,[4,2,32,2,1]
0.042405735701322556,25335,1353,172628
5,[4,2,32,2,2]
0.042416125535964966,25337,1351,173050
5,[4,2,32,2,4]
0.25001388788223267,13344,13344,172069
5,[4,2,32,2,8]
0.042546842247247696,25337,1351,175421
5,[4,2,32,2,16]
0.042570218443870544,25336,1352,179946
5,[4,2,32,2,32]
0.25001826882362366,13344,13344,183925
5,[4,2,32,4,1]
0.2500118315219879,13344,13344,173666
5,[4,2,32,4,2]
0.04241376370191574,25336,1352,176900
5,[4,2,32,4,4]
0.2500095069408417,13344,13344,177795
5,[4,2,32,4,8]
0.04230392351746559,25335,1353,180640
5,[4,2,32,4,16]
0.04231678694486618,25334,1354,184976
5,[4,2,32,4,32]
0.0423787496984005,25337,1351,193747
5,[4,2,32,8,1]
0.2500171959400177,13344,13344,179536
5,[4,2,32,8,2]
0.04238084703683853,25335,1353,184151
5,[4,2,32,8,4]
0.04249482974410057,25336,1352,184895
5,[4,2,32,8,8]
0.25001558661460876,13344,13344,182648
5,[4,2,32,8,16]
0.07031190395355225,24506,2182,191491
5,[4,2,32,8,32]
0.04238785058259964,25337,1351,204569
5,[4,2,32,16,1]
0.2500169277191162,13344,13344,188589
5,[4,2,32,16,2]
0.2500082850456238,13344,13344,194445
5,[4,2,32,16,4]
0.2500174045562744,13344,13344,192861
5,[4,2,32,16,8]
0.250017911195755,13344,13344,199053
5,[4,2,32,16,16]
0.07025826722383499,24506,2182,210306
5,[4,2,32,16,32]
0.0423104465007782,25337,1351,225791
5,[4,2,32,32,1]
0.2500152885913849,13344,13344,210413
5,[4,2,32,32,2]
0.2500167489051819,13344,13344,208374
5,[4,2,32,32,4]
0.042528435587882996,25336,1352,213289
5,[4,2,32,32,8]
0.06032029911875725,24849,1839,215901
5,[4,2,32,32,16]
0.04230886697769165,25337,1351,221553
5,[4,2,32,32,32]
0.042283762246370316,25337,1351,245798
5,[4,4,1,1,1]
0.2500181198120117,13344,13344,139653
5,[4,4,1,1,2]
0.2500154674053192,13344,13344,140330
5,[4,4,1,1,4]
0.04244568198919296,25336,1352,142338
5,[4,4,1,1,8]
0.2500111758708954,13344,13344,142590
5,[4,4,1,1,16]
0.25001516938209534,13344,13344,145524
5,[4,4,1,1,32]
0.04235222563147545,25334,1354,155493
5,[4,4,1,2,1]
0.042457275092601776,25337,1351,142004
5,[4,4,1,2,2]
0.2500174343585968,13344,13344,142238
5,[4,4,1,2,4]
0.25001296401023865,13344,13344,143636
5,[4,4,1,2,8]
0.04245375841856003,25336,1352,145975
5,[4,4,1,2,16]
0.042635057121515274,25336,1352,149758
5,[4,4,1,2,32]
0.04241473600268364,25337,1351,157807
5,[4,4,1,4,1]
0.2500133812427521,13344,13344,142607
5,[4,4,1,4,2]
0.042407192289829254,25334,1354,144257
5,[4,4,1,4,4]
0.24999985098838806,13344,13344,144847
5,[4,4,1,4,8]
0.0424787774682045,25336,1352,148482
5,[4,4,1,4,16]
0.04238780960440636,25335,1353,152517
5,[4,4,1,4,32]
0.04236661270260811,25337,1351,161954
5,[4,4,1,8,1]
0.25000905990600586,13344,13344,145476
5,[4,4,1,8,2]
0.04247105494141579,25336,1352,146915
5,[4,4,1,8,4]
0.04253028705716133,25336,1352,148892
5,[4,4,1,8,8]
0.25001323223114014,13344,13344,150394
5,[4,4,1,8,16]
0.04241619631648064,25337,1351,156722
5,[4,4,1,8,32]
0.25001928210258484,13344,13344,164302
5,[4,4,1,16,1]
0.25001266598701477,13344,13344,148721
5,[4,4,1,16,2]
0.25000762939453125,13344,13344,150611
5,[4,4,1,16,4]
0.2500036954879761,13344,13344,151887
5,[4,4,1,16,8]
0.25001367926597595,13344,13344,155545
5,[4,4,1,16,16]
0.2500009834766388,13344,13344,163145
5,[4,4,1,16,32]
0.04254351556301117,25336,1352,180213
5,[4,4,1,32,1]
0.2500130534172058,13344,13344,157172
5,[4,4,1,32,2]
0.25000572204589844,13344,13344,162433
5,[4,4,1,32,4]
0.04253359138965607,25337,1351,163738
5,[4,4,1,32,8]
0.04245951771736145,25336,1352,169535
5,[4,4,1,32,16]
0.042439453303813934,25337,1351,180699
5,[4,4,1,32,32]
0.04252557456493378,25337,1351,203287
5,[4,4,2,1,1]
0.250016450881958,13344,13344,144656
5,[4,4,2,1,2]
0.2500176429748535,13344,13344,145227
5,[4,4,2,1,4]
0.2500145435333252,13344,13344,145839
5,[4,4,2,1,8]
0.04246903955936432,25336,1352,148104
5,[4,4,2,1,16]
0.04247000068426132,25337,1351,151257
5,[4,4,2,1,32]
0.04282807186245918,25334,1354,160455
5,[4,4,2,2,1]
0.2500095069408417,13344,13344,146043
5,[4,4,2,2,2]
0.2500118017196655,13344,13344,145951
5,[4,4,2,2,4]
0.2500188946723938,13344,13344,147610
5,[4,4,2,2,8]
0.25001469254493713,13344,13344,148913
5,[4,4,2,2,16]
0.04238463565707207,25336,1352,154989
5,[4,4,2,2,32]
0.2500137686729431,13344,13344,161866
5,[4,4,2,4,1]
0.25001126527786255,13344,13344,147249
5,[4,4,2,4,2]
0.2500167787075043,13344,13344,148472
5,[4,4,2,4,4]
0.2500113248825073,13344,13344,149829
5,[4,4,2,4,8]
0.2500137686729431,13344,13344,150976
5,[4,4,2,4,16]
0.04249931871891022,25337,1351,156570
5,[4,4,2,4,32]
0.042544130235910416,25336,1352,167460
5,[4,4,2,8,1]
0.25001075863838196,13344,13344,150343
5,[4,4,2,8,2]
0.2500164806842804,13344,13344,150038
5,[4,4,2,8,4]
0.04238129034638405,25337,1351,153132
5,[4,4,2,8,8]
0.042343415319919586,25335,1353,156236
5,[4,4,2,8,16]
0.04236852005124092,25337,1351,163265
5,[4,4,2,8,32]
0.25001728534698486,13344,13344,174861
5,[4,4,2,16,1]
0.250013142824173,13344,13344,157535
5,[4,4,2,16,2]
0.2500120997428894,13344,13344,157696
5,[4,4,2,16,4]
0.042406048625707626,25336,1352,162031
5,[4,4,2,16,8]
0.04239404946565628,25337,1351,166110
5,[4,4,2,16,16]
0.2500166594982147,13344,13344,171329
5,[4,4,2,16,32]
0.04219712316989899,25335,1353,189099
5,[4,4,2,32,1]
0.042496420443058014,25337,1351,165992
5,[4,4,2,32,2]
0.042505428194999695,25336,1352,168360
5,[4,4,2,32,4]
0.042465753853321075,25337,1351,171153
5,[4,4,2,32,8]
0.04236065223813057,25337,1351,177148
5,[4,4,2,32,16]
0.04250246658921242,25337,1351,189894
5,[4,4,2,32,32]
0.22049009799957275,15855,10833,213340
5,[4,4,4,1,1]
0.2500153183937073,13344,13344,151124
5,[4,4,4,1,2]
0.250014990568161,13344,13344,152180
5,[4,4,4,1,4]
0.25001293420791626,13344,13344,153690
5,[4,4,4,1,8]
0.25002044439315796,13344,13344,155538
5,[4,4,4,1,16]
0.2500135004520416,13344,13344,157122
5,[4,4,4,1,32]
0.04257424920797348,25337,1351,167579
5,[4,4,4,2,1]
0.250005304813385,13344,13344,153345
5,[4,4,4,2,2]
0.250010222196579,13344,13344,153561
5,[4,4,4,2,4]
0.042433835566043854,25336,1352,155691
5,[4,4,4,2,8]
0.04286404699087143,25336,1352,157973
5,[4,4,4,2,16]
0.04245736449956894,25337,1351,162106
5,[4,4,4,2,32]
0.04249610751867294,25336,1352,169627
5,[4,4,4,4,1]
0.2500137686729431,13344,13344,153960
5,[4,4,4,4,2]
0.04239102825522423,25337,1351,154800
5,[4,4,4,4,4]
0.04242560267448425,25336,1352,154222
5,[4,4,4,4,8]
0.04242366924881935,25333,1355,157961
5,[4,4,4,4,16]
0.042465690523386,25336,1352,161587
5,[4,4,4,4,32]
0.042370397597551346,25336,1352,176471
5,[4,4,4,8,1]
0.25001654028892517,13344,13344,165650
5,[4,4,4,8,2]
0.04239833354949951,25337,1351,164812
5,[4,4,4,8,4]
0.04228543862700462,25337,1351,164460
5,[4,4,4,8,8]
0.042435213923454285,25337,1351,167006
5,[4,4,4,8,16]
0.04251420870423317,25337,1351,189853
5,[4,4,4,8,32]
0.042313169687986374,25337,1351,188281
5,[4,4,4,16,1]
0.04245160147547722,25337,1351,169791
5,[4,4,4,16,2]
0.04243379458785057,25337,1351,171123
5,[4,4,4,16,4]
0.04243416711688042,25336,1352,176759
5,[4,4,4,16,8]
0.042545776814222336,25336,1352,187160
5,[4,4,4,16,16]
0.042347848415374756,25336,1352,181490
5,[4,4,4,16,32]
0.042362116277217865,25335,1353,196797
5,[4,4,4,32,1]
0.2500161826610565,13344,13344,173079
5,[4,4,4,32,2]
0.25001388788223267,13344,13344,171515
5,[4,4,4,32,4]
0.04232945293188095,25337,1351,179481
5,[4,4,4,32,8]
0.042524274438619614,25336,1352,191290
5,[4,4,4,32,16]
0.04223288968205452,25335,1353,204928
5,[4,4,4,32,32]
0.042313434183597565,25337,1351,222553
5,[4,4,8,1,1]
0.250018835067749,13344,13344,159939
5,[4,4,8,1,2]
0.04250428080558777,25336,1352,171170
5,[4,4,8,1,4]
0.2500166594982147,13344,13344,162089
5,[4,4,8,1,8]
0.2500075399875641,13344,13344,162736
5,[4,4,8,1,16]
0.2500145435333252,13344,13344,167766
5,[4,4,8,1,32]
0.04248875007033348,25336,1352,181876
5,[4,4,8,2,1]
0.25001367926597595,13344,13344,166572
5,[4,4,8,2,2]
0.25001847743988037,13344,13344,167466
5,[4,4,8,2,4]
0.042357638478279114,25335,1353,164056
5,[4,4,8,2,8]
0.2500152885913849,13344,13344,167257
5,[4,4,8,2,16]
0.04234014078974724,25337,1351,172545
5,[4,4,8,2,32]
0.042362578213214874,25337,1351,182088
5,[4,4,8,4,1]
0.25000426173210144,13344,13344,167474
5,[4,4,8,4,2]
0.042233120650053024,25337,1351,191365
5,[4,4,8,4,4]
0.04240903630852699,25335,1353,191814
5,[4,4,8,4,8]
0.042393241077661514,25337,1351,194718
5,[4,4,8,4,16]
0.04236851632595062,25335,1353,198592
5,[4,4,8,4,32]
0.04237404465675354,25337,1351,209944
5,[4,4,8,8,1]
0.2500112056732178,13344,13344,191639
5,[4,4,8,8,2]
0.25000762939453125,13344,13344,191322
5,[4,4,8,8,4]
0.04237125441431999,25334,1354,196351
5,[4,4,8,8,8]
0.04236063361167908,25337,1351,199148
5,[4,4,8,8,16]
0.042472049593925476,25336,1352,203801
5,[4,4,8,8,32]
0.04238387197256088,25337,1351,217380
5,[4,4,8,16,1]
0.25000718235969543,13344,13344,211283
5,[4,4,8,16,2]
0.04243121296167374,25336,1352,197283
5,[4,4,8,16,4]
0.04229347035288811,25335,1353,201462
5,[4,4,8,16,8]
0.044771160930395126,25286,1402,203145
5,[4,4,8,16,16]
0.04240766540169716,25334,1354,209364
5,[4,4,8,16,32]
0.042368702590465546,25336,1352,226171
5,[4,4,8,32,1]
0.04246026277542114,25336,1352,208535
5,[4,4,8,32,2]
0.042409565299749374,25336,1352,210626
5,[4,4,8,32,4]
0.04252830147743225,25333,1355,211994
5,[4,4,8,32,8]
0.042302388697862625,25337,1351,218444
5,[4,4,8,32,16]
0.042367953807115555,25337,1351,227744
5,[4,4,8,32,32]
0.042253490537405014,25337,1351,253260
5,[4,4,16,1,1]
0.2500154972076416,13344,13344,186045
5,[4,4,16,1,2]
0.2500101923942566,13344,13344,187639
5,[4,4,16,1,4]
0.2500109374523163,13344,13344,188680
5,[4,4,16,1,8]
0.04247172921895981,25336,1352,191223
5,[4,4,16,1,16]
0.25001397728919983,13344,13344,186302
5,[4,4,16,1,32]
0.04250849038362503,25337,1351,196210
5,[4,4,16,2,1]
0.2500135600566864,13344,13344,186728
5,[4,4,16,2,2]
0.25001195073127747,13344,13344,194895
5,[4,4,16,2,4]
0.042494188994169235,25336,1352,193240
5,[4,4,16,2,8]
0.04247792810201645,25337,1351,201416
5,[4,4,16,2,16]
0.2500176727771759,13344,13344,194563
5,[4,4,16,2,32]
0.042350850999355316,25337,1351,210470
5,[4,4,16,4,1]
0.25001853704452515,13344,13344,191102
5,[4,4,16,4,2]
0.2500086724758148,13344,13344,190302
5,[4,4,16,4,4]
0.25001266598701477,13344,13344,191714
5,[4,4,16,4,8]
0.25001588463783264,13344,13344,189134
5,[4,4,16,4,16]
0.04237641021609306,25337,1351,194139
5,[4,4,16,4,32]
0.04239029437303543,25336,1352,205282
5,[4,4,16,8,1]
0.25001439452171326,13344,13344,196799
5,[4,4,16,8,2]
0.04244008660316467,25335,1353,199241
5,[4,4,16,8,4]
0.04234835132956505,25335,1353,195380
5,[4,4,16,8,8]
0.04225792735815048,25337,1351,198343
5,[4,4,16,8,16]
0.04236026480793953,25337,1351,198927
5,[4,4,16,8,32]
0.04378167912364006,25288,1400,210803
5,[4,4,16,16,1]
0.042347900569438934,25337,1351,196028
5,[4,4,16,16,2]
0.2500128448009491,13344,13344,196063
5,[4,4,16,16,4]
0.042351558804512024,25337,1351,200056
5,[4,4,16,16,8]
0.04245880991220474,25336,1352,203187
5,[4,4,16,16,16]
0.04221177101135254,25337,1351,214236
5,[4,4,16,16,32]
0.042213812470436096,25335,1353,232591
5,[4,4,16,32,1]
0.2500159740447998,13344,13344,211085
5,[4,4,16,32,2]
0.04247512295842171,25337,1351,218748
5,[4,4,16,32,4]
0.04219312593340874,25335,1353,222088
5,[4,4,16,32,8]
0.04222099110484123,25335,1353,226004
5,[4,4,16,32,16]
0.042389921844005585,25336,1352,231061
5,[4,4,16,32,32]
0.04227682575583458,25337,1351,257302
5,[4,4,32,1,1]
0.25001469254493713,13344,13344,188919
5,[4,4,32,1,2]
0.25001728534698486,13344,13344,188842
5,[4,4,32,1,4]
0.042393967509269714,25335,1353,191958
5,[4,4,32,1,8]
0.25001800060272217,13344,13344,192551
5,[4,4,32,1,16]
0.042422037571668625,25334,1354,206610
5,[4,4,32,1,32]
0.25001755356788635,13344,13344,212532
5,[4,4,32,2,1]
0.04244215413928032,25337,1351,201593
5,[4,4,32,2,2]
0.25001686811447144,13344,13344,196429
5,[4,4,32,2,4]
0.04244261980056763,25336,1352,199658
5,[4,4,32,2,8]
0.04244368150830269,25337,1351,200865
5,[4,4,32,2,16]
0.2500090003013611,13344,13344,201181
5,[4,4,32,2,32]
0.04236242175102234,25337,1351,216352
5,[4,4,32,4,1]
0.25000905990600586,13344,13344,202500
5,[4,4,32,4,2]
0.04244730994105339,25336,1352,207396
5,[4,4,32,4,4]
0.042368464171886444,25335,1353,203754
5,[4,4,32,4,8]
0.04235503077507019,25335,1353,207647
5,[4,4,32,4,16]
0.04225872829556465,25335,1353,215652
5,[4,4,32,4,32]
0.0703297108411789,24506,2182,220684
5,[4,4,32,8,1]
0.25001323223114014,13344,13344,207917
5,[4,4,32,8,2]
0.2500074803829193,13344,13344,203820
5,[4,4,32,8,4]
0.04241248592734337,25336,1352,207996
5,[4,4,32,8,8]
0.04234468191862106,25337,1351,207745
5,[4,4,32,8,16]
0.04229176044464111,25337,1351,210602
5,[4,4,32,8,32]
0.04233616217970848,25337,1351,222406
5,[4,4,32,16,1]
0.04261034354567528,25332,1356,213658
5,[4,4,32,16,2]
0.04250691458582878,25336,1352,214352
5,[4,4,32,16,4]
0.04238737002015114,25336,1352,216645
5,[4,4,32,16,8]
0.042453281581401825,25335,1353,218313
5,[4,4,32,16,16]
0.042419128119945526,25336,1352,226532
5,[4,4,32,16,32]
0.042276572436094284,25337,1351,248413
5,[4,4,32,32,1]
0.04250304028391838,25336,1352,241234
5,[4,4,32,32,2]
0.2500165104866028,13344,13344,242068
5,[4,4,32,32,4]
0.04234200716018677,25336,1352,246615
5,[4,4,32,32,8]
0.04223624989390373,25335,1353,251552
5,[4,4,32,32,16]
0.04221171513199806,25335,1353,268834
5,[4,4,32,32,32]
0.04220099002122879,25335,1353,294549
5,[4,8,1,1,1]
0.25001323223114014,13344,13344,191707
5,[4,8,1,1,2]
0.25001293420791626,13344,13344,189546
5,[4,8,1,1,4]
0.2500128149986267,13344,13344,201609
5,[4,8,1,1,8]
0.2500038146972656,13344,13344,204248
5,[4,8,1,1,16]
0.25001636147499084,13344,13344,208153
5,[4,8,1,1,32]
0.042416706681251526,25335,1353,213482
5,[4,8,1,2,1]
0.042384009808301926,25337,1351,191098
5,[4,8,1,2,2]
0.04232491925358772,25335,1353,185713
5,[4,8,1,2,4]
0.25001588463783264,13344,13344,182610
5,[4,8,1,2,8]
0.2500133514404297,13344,13344,184127
5,[4,8,1,2,16]
0.2500114142894745,13344,13344,188508
5,[4,8,1,2,32]
0.25001466274261475,13344,13344,194660
5,[4,8,1,4,1]
0.04233415052294731,25335,1353,183870
5,[4,8,1,4,2]
0.04234759137034416,25337,1351,184245
5,[4,8,1,4,4]
0.25001639127731323,13344,13344,184862
5,[4,8,1,4,8]
0.25001680850982666,13344,13344,188408
5,[4,8,1,4,16]
0.25001609325408936,13344,13344,193734
5,[4,8,1,4,32]
0.042361073195934296,25335,1353,202791
5,[4,8,1,8,1]
0.2500188946723938,13344,13344,184722
5,[4,8,1,8,2]
0.042441241443157196,25337,1351,186297
5,[4,8,1,8,4]
0.25001925230026245,13344,13344,185195
5,[4,8,1,8,8]
0.2500169575214386,13344,13344,189856
5,[4,8,1,8,16]
0.042496200650930405,25334,1354,194942
5,[4,8,1,8,32]
0.04231441766023636,25337,1351,206095
5,[4,8,1,16,1]
0.2500172257423401,13344,13344,188096
5,[4,8,1,16,2]
0.2500152587890625,13344,13344,187992
5,[4,8,1,16,4]
0.2500104606151581,13344,13344,189339
5,[4,8,1,16,8]
0.0424964502453804,25336,1352,195550
5,[4,8,1,16,16]
0.04229125380516052,25335,1353,202528
5,[4,8,1,16,32]
0.04246621951460838,25334,1354,218090
5,[4,8,1,32,1]
0.2500174939632416,13344,13344,195341
5,[4,8,1,32,2]
0.2500024437904358,13344,13344,194480
5,[4,8,1,32,4]
0.04232959821820259,25335,1353,201443
5,[4,8,1,32,8]
0.04235159605741501,25337,1351,206644
5,[4,8,1,32,16]
0.042542923241853714,25337,1351,218850
5,[4,8,1,32,32]
0.04278401657938957,25332,1356,241553
5,[4,8,2,1,1]
0.2500070035457611,13344,13344,183019
5,[4,8,2,1,2]
0.25001218914985657,13344,13344,182730
5,[4,8,2,1,4]
0.25000572204589844,13344,13344,184282
5,[4,8,2,1,8]
0.04244989529252052,25336,1352,186719
5,[4,8,2,1,16]
0.25000905990600586,13344,13344,187984
5,[4,8,2,1,32]
0.042507052421569824,25336,1352,197457
5,[4,8,2,2,1]
0.2500227689743042,13344,13344,181828
5,[4,8,2,2,2]
0.042469572275877,25336,1352,184260
5,[4,8,2,2,4]
0.042413078248500824,25337,1351,185753
5,[4,8,2,2,8]
0.04244218394160271,25336,1352,187858
5,[4,8,2,2,16]
0.042385950684547424,25337,1351,191364
5,[4,8,2,2,32]
0.042409103363752365,25337,1351,200181
5,[4,8,2,4,1]
0.25001463294029236,13344,13344,184804
5,[4,8,2,4,2]
0.04250932112336159,25337,1351,186526
5,[4,8,2,4,4]
0.042208969593048096,25335,1353,187301
5,[4,8,2,4,8]
0.04251871258020401,25336,1352,190446
5,[4,8,2,4,16]
0.04238970950245857,25337,1351,193547
5,[4,8,2,4,32]
0.04251091554760933,25336,1352,203296
5,[4,8,2,8,1]
0.042416349053382874,25337,1351,186875
5,[4,8,2,8,2]
0.04235035553574562,25337,1351,188331
5,[4,8,2,8,4]
0.042320456355810165,25337,1351,190883
5,[4,8,2,8,8]
0.04247245937585831,25336,1352,193168
5,[4,8,2,8,16]
0.04234090447425842,25337,1351,197692
5,[4,8,2,8,32]
0.04236868396401405,25337,1351,209873
5,[4,8,2,16,1]
0.04231603071093559,25337,1351,191813
5,[4,8,2,16,2]
0.25001856684684753,13344,13344,190480
5,[4,8,2,16,4]
0.04240012168884277,25335,1353,194749
5,[4,8,2,16,8]
0.04385661706328392,25289,1399,199761
5,[4,8,2,16,16]
0.042478956282138824,25337,1351,206347
5,[4,8,2,16,32]
0.04227147623896599,25335,1353,222665
5,[4,8,2,32,1]
0.25001609325408936,13344,13344,196209
5,[4,8,2,32,2]
0.2500172257423401,13344,13344,197082
5,[4,8,2,32,4]
0.04233239218592644,25335,1353,204446
5,[4,8,2,32,8]
0.04235685244202614,25336,1352,211203
5,[4,8,2,32,16]
0.04229568690061569,25337,1351,222685
5,[4,8,2,32,32]
0.04250593110918999,25337,1351,244156
5,[4,8,4,1,1]
0.042441461235284805,25336,1352,186309
5,[4,8,4,1,2]
0.25001606345176697,13344,13344,186057
5,[4,8,4,1,4]
0.04245081543922424,25337,1351,188162
5,[4,8,4,1,8]
0.04229935631155968,25335,1353,190521
5,[4,8,4,1,16]
0.04261121153831482,25336,1352,193352
5,[4,8,4,1,32]
0.04242713376879692,25337,1351,200818
5,[4,8,4,2,1]
0.2500185966491699,13344,13344,186146
5,[4,8,4,2,2]
0.25001025199890137,13344,13344,186864
5,[4,8,4,2,4]
0.04231537505984306,25335,1353,188317
5,[4,8,4,2,8]
0.04225076362490654,25335,1353,192181
5,[4,8,4,2,16]
0.04217846691608429,25337,1351,196899
5,[4,8,4,2,32]
0.04248132184147835,25334,1354,203463
5,[4,8,4,4,1]
0.25001928210258484,13344,13344,187055
5,[4,8,4,4,2]
0.2500157058238983,13344,13344,188097
5,[4,8,4,4,4]
0.042492374777793884,25337,1351,190722
5,[4,8,4,4,8]
0.059106241911649704,24966,1722,193443
5,[4,8,4,4,16]
0.04237087815999985,25336,1352,197979
5,[4,8,4,4,32]
0.04236660525202751,25337,1351,206650
5,[4,8,4,8,1]
0.04243505746126175,25337,1351,191138
5,[4,8,4,8,2]
0.04243974760174751,25333,1355,192362
5,[4,8,4,8,4]
0.0423971451818943,25337,1351,194777
5,[4,8,4,8,8]
0.04236083850264549,25336,1352,198211
5,[4,8,4,8,16]
0.04227949678897858,25337,1351,201756
5,[4,8,4,8,32]
0.042341284453868866,25337,1351,213522
5,[4,8,4,16,1]
0.25001260638237,13344,13344,193608
5,[4,8,4,16,2]
0.25002023577690125,13344,13344,196863
5,[4,8,4,16,4]
0.042436737567186356,25336,1352,199727
5,[4,8,4,16,8]
0.04223993420600891,25335,1353,203258
5,[4,8,4,16,16]
0.042326536029577255,25337,1351,210450
5,[4,8,4,16,32]
0.04367053881287575,25288,1400,226212
5,[4,8,4,32,1]
0.25000324845314026,13344,13344,203368
5,[4,8,4,32,2]
0.04246693104505539,25337,1351,208369
5,[4,8,4,32,4]
0.04235035181045532,25335,1353,209649
5,[4,8,4,32,8]
0.04227206110954285,25337,1351,216215
5,[4,8,4,32,16]
0.04220619797706604,25335,1353,228464
5,[4,8,4,32,32]
0.04226914793252945,25337,1351,250873
5,[4,8,8,1,1]
0.042456306517124176,25337,1351,190371
5,[4,8,8,1,2]
0.2500120997428894,13344,13344,189470
5,[4,8,8,1,4]
0.04257892817258835,25336,1352,192079
5,[4,8,8,1,8]
0.2500181198120117,13344,13344,192252
5,[4,8,8,1,16]
0.04254871606826782,25336,1352,196358
5,[4,8,8,1,32]
0.25001904368400574,13344,13344,201793
5,[4,8,8,2,1]
0.2500147521495819,13344,13344,189571
5,[4,8,8,2,2]
0.25000718235969543,13344,13344,192443
5,[4,8,8,2,4]
0.042466532438993454,25336,1352,192958
5,[4,8,8,2,8]
0.0422966443002224,25335,1353,194579
5,[4,8,8,2,16]
0.042251359671354294,25335,1353,198350
5,[4,8,8,2,32]
0.04252997785806656,25336,1352,206895
5,[4,8,8,4,1]
0.25001806020736694,13344,13344,193132
5,[4,8,8,4,2]
0.04233892634510994,25335,1353,193445
5,[4,8,8,4,4]
0.04248260334134102,25336,1352,197054
5,[4,8,8,4,8]
0.042503681033849716,25336,1352,198637
5,[4,8,8,4,16]
0.042341411113739014,25337,1351,202208
5,[4,8,8,4,32]
0.042272116988897324,25337,1351,211301
5,[4,8,8,8,1]
0.04238195717334747,25335,1353,195910
5,[4,8,8,8,2]
0.04240696132183075,25337,1351,197562
5,[4,8,8,8,4]
0.04235647991299629,25337,1351,200292
5,[4,8,8,8,8]
0.04239749163389206,25336,1352,202687
5,[4,8,8,8,16]
0.04236713796854019,25337,1351,217549
5,[4,8,8,8,32]
0.042312320321798325,25337,1351,228167
5,[4,8,8,16,1]
0.042412713170051575,25337,1351,212089
5,[4,8,8,16,2]
0.042355794459581375,25337,1351,215432
5,[4,8,8,16,4]
0.042235150933265686,25335,1353,216428
5,[4,8,8,16,8]
0.042289335280656815,25337,1351,219755
5,[4,8,8,16,16]
0.04223443567752838,25335,1353,226639
5,[4,8,8,16,32]
0.04236312955617905,25336,1352,242225
5,[4,8,8,32,1]
0.042514458298683167,25336,1352,222037
5,[4,8,8,32,2]
0.04225911572575569,25335,1353,224856
5,[4,8,8,32,4]
0.042401138693094254,25337,1351,227771
5,[4,8,8,32,8]
0.04220689460635185,25335,1353,234464
5,[4,8,8,32,16]
0.04228800907731056,25337,1351,245275
5,[4,8,8,32,32]
0.04218624532222748,25337,1351,269191
5,[4,8,16,1,1]
0.2500143349170685,13344,13344,205589
5,[4,8,16,1,2]
0.25001537799835205,13344,13344,206081
5,[4,8,16,1,4]
0.042459309101104736,25337,1351,208631
5,[4,8,16,1,8]
0.04250156134366989,25333,1355,210173
5,[4,8,16,1,16]
0.25001421570777893,13344,13344,212087
5,[4,8,16,1,32]
0.2500109076499939,13344,13344,216551
5,[4,8,16,2,1]
0.2500123679637909,13344,13344,207468
5,[4,8,16,2,2]
0.2500208616256714,13344,13344,208434
5,[4,8,16,2,4]
0.04240396246314049,25332,1356,211245
5,[4,8,16,2,8]
0.25001728534698486,13344,13344,210985
5,[4,8,16,2,16]
0.04233614727854729,25337,1351,217531
5,[4,8,16,2,32]
0.04259407892823219,25337,1351,224425
5,[4,8,16,4,1]
0.2500114142894745,13344,13344,210827
5,[4,8,16,4,2]
0.25001516938209534,13344,13344,210435
5,[4,8,16,4,4]
0.0425017885863781,25336,1352,214055
5,[4,8,16,4,8]
0.04229012131690979,25335,1353,215453
5,[4,8,16,4,16]
0.04231161251664162,25337,1351,219652
5,[4,8,16,4,32]
0.04218916967511177,25333,1355,228893
5,[4,8,16,8,1]
0.04250302538275719,25336,1352,215715
5,[4,8,16,8,2]
0.04250970855355263,25336,1352,215623
5,[4,8,16,8,4]
0.0423043854534626,25337,1351,218831
5,[4,8,16,8,8]
0.04230564087629318,25337,1351,220992
5,[4,8,16,8,16]
0.04230836033821106,25337,1351,225606
5,[4,8,16,8,32]
0.042330872267484665,25333,1355,237084
5,[4,8,16,16,1]
0.0424809493124485,25337,1351,222585
5,[4,8,16,16,2]
0.2500065267086029,13344,13344,220814
5,[4,8,16,16,4]
0.04235260933637619,25337,1351,225781
5,[4,8,16,16,8]
0.042343899607658386,25337,1351,230246
5,[4,8,16,16,16]
0.042282938957214355,25337,1351,236678
5,[4,8,16,16,32]
0.04224490374326706,25337,1351,252017
5,[4,8,16,32,1]
0.2500186860561371,13344,13344,231906
5,[4,8,16,32,2]
0.04245520383119583,25334,1354,240255
5,[4,8,16,32,4]
0.04252295568585396,25336,1352,240895
5,[4,8,16,32,8]
0.042279720306396484,25337,1351,247150
5,[4,8,16,32,16]
0.04222977161407471,25337,1351,259832
5,[4,8,16,32,32]
0.04221222549676895,25337,1351,283345
5,[4,8,32,1,1]
0.25001978874206543,13344,13344,215995
5,[4,8,32,1,2]
0.0423053577542305,25335,1353,218945
5,[4,8,32,1,4]
0.04234788194298744,25335,1353,219546
5,[4,8,32,1,8]
0.04378277063369751,25290,1398,221668
5,[4,8,32,1,16]
0.2500230073928833,13344,13344,224465
5,[4,8,32,1,32]
0.0423724390566349,25335,1353,233169
5,[4,8,32,2,1]
0.25000810623168945,13344,13344,217563
5,[4,8,32,2,2]
0.04235910624265671,25335,1353,221960
5,[4,8,32,2,4]
0.042348191142082214,25337,1351,222003
5,[4,8,32,2,8]
0.042267221957445145,25337,1351,224088
5,[4,8,32,2,16]
0.04240132495760918,25336,1352,228311
5,[4,8,32,2,32]
0.25001075863838196,13344,13344,229596
5,[4,8,32,4,1]
0.04226936772465706,25335,1353,223921
5,[4,8,32,4,2]
0.04245612397789955,25336,1352,224788
5,[4,8,32,4,4]
0.042346615344285965,25335,1353,225922
5,[4,8,32,4,8]
0.04218568280339241,25335,1353,227572
5,[4,8,32,4,16]
0.042400483042001724,25336,1352,232041
5,[4,8,32,4,32]
0.042363256216049194,25335,1353,241663
5,[4,8,32,8,1]
0.2500113248825073,13344,13344,224831
5,[4,8,32,8,2]
0.042474836111068726,25337,1351,230706
5,[4,8,32,8,4]
0.0424555167555809,25337,1351,231887
5,[4,8,32,8,8]
0.0422607883810997,25337,1351,234568
5,[4,8,32,8,16]
0.042176295071840286,25335,1353,238902
5,[4,8,32,8,32]
0.04231812804937363,25337,1351,250061
5,[4,8,32,16,1]
0.042327575385570526,25013,1675,241401
5,[4,8,32,16,2]
0.2500077486038208,13344,13344,239762
5,[4,8,32,16,4]
0.04245442897081375,25337,1351,245072
5,[4,8,32,16,8]
0.0423426553606987,25337,1351,248666
5,[4,8,32,16,16]
0.04232760891318321,25337,1351,255468
5,[4,8,32,16,32]
0.04224557429552078,25337,1351,269526
5,[4,8,32,32,1]
0.2500127851963043,13344,13344,254063
5,[4,8,32,32,2]
0.04239518940448761,25337,1351,256882
5,[4,8,32,32,4]
0.042269013822078705,25337,1351,258394
5,[4,8,32,32,8]
0.04226653650403023,25335,1353,242138
5,[4,8,32,32,16]
0.04225983843207359,25337,1351,252076
5,[4,8,32,32,32]
0.04226367175579071,25335,1353,270002
5,[4,16,1,1,1]
0.04242675006389618,25337,1351,161905
5,[4,16,1,1,2]
0.2500130832195282,13344,13344,161717
5,[4,16,1,1,4]
0.2500127851963043,13344,13344,161801
5,[4,16,1,1,8]
0.2500096261501312,13344,13344,163560
5,[4,16,1,1,16]
0.25001096725463867,13344,13344,166529
5,[4,16,1,1,32]
0.2500109076499939,13344,13344,173925
5,[4,16,1,2,1]
0.25000548362731934,13344,13344,161836
5,[4,16,1,2,2]
0.2500145435333252,13344,13344,162215
5,[4,16,1,2,4]
0.2500094771385193,13344,13344,163870
5,[4,16,1,2,8]
0.2500186264514923,13344,13344,164659
5,[4,16,1,2,16]
0.2500144839286804,13344,13344,168968
5,[4,16,1,2,32]
0.25001630187034607,13344,13344,176808
5,[4,16,1,4,1]
0.2500167787075043,13344,13344,163368
5,[4,16,1,4,2]
0.2500130236148834,13344,13344,162274
5,[4,16,1,4,4]
0.2500183582305908,13344,13344,164809
5,[4,16,1,4,8]
0.042315468192100525,25335,1353,168418
5,[4,16,1,4,16]
0.04250999912619591,25337,1351,173279
5,[4,16,1,4,32]
0.042421985417604446,25337,1351,182160
5,[4,16,1,8,1]
0.2500053942203522,13344,13344,163418
5,[4,16,1,8,2]
0.04235778748989105,25334,1354,165992
5,[4,16,1,8,4]
0.04247176647186279,25337,1351,167935
5,[4,16,1,8,8]
0.042509470134973526,25333,1355,172411
5,[4,16,1,8,16]
0.25001323223114014,13344,13344,173504
5,[4,16,1,8,32]
0.04235943779349327,25332,1356,187270
5,[4,16,1,16,1]
0.04231906682252884,25335,1353,168656
5,[4,16,1,16,2]
0.2500148117542267,13344,13344,169174
5,[4,16,1,16,4]
0.042502373456954956,25336,1352,172394
5,[4,16,1,16,8]
0.25001534819602966,13344,13344,174811
5,[4,16,1,16,16]
0.04238542169332504,25337,1351,184455
5,[4,16,1,16,32]
0.2500155568122864,13344,13344,193426
5,[4,16,1,32,1]
0.042491182684898376,25337,1351,177218
5,[4,16,1,32,2]
0.25001299381256104,13344,13344,176187
5,[4,16,1,32,4]
0.250013142824173,13344,13344,177126
5,[4,16,1,32,8]
0.042476724833250046,25337,1351,188793
5,[4,16,1,32,16]
0.04251980409026146,25336,1352,199081
5,[4,16,1,32,32]
0.04258854687213898,25336,1352,224248
5,[4,16,2,1,1]
0.250012069940567,13344,13344,164192
5,[4,16,2,1,2]
0.25001606345176697,13344,13344,164814
5,[4,16,2,1,4]
0.2500097155570984,13344,13344,165386
5,[4,16,2,1,8]
0.250018447637558,13344,13344,167189
5,[4,16,2,1,16]
0.2500172257423401,13344,13344,170178
5,[4,16,2,1,32]
0.042490627616643906,25336,1352,181345
5,[4,16,2,2,1]
0.2500118017196655,13344,13344,165759
5,[4,16,2,2,2]
0.25001060962677,13344,13344,166992
5,[4,16,2,2,4]
0.04237579181790352,25337,1351,168193
5,[4,16,2,2,8]
0.04254937171936035,25336,1352,171306
5,[4,16,2,2,16]
0.04226978123188019,25335,1353,174508
5,[4,16,2,2,32]
0.2499963939189911,13344,13344,178902
5,[4,16,2,4,1]
0.2500114440917969,13344,13344,166392
5,[4,16,2,4,2]
0.042447276413440704,25336,1352,168778
5,[4,16,2,4,4]
0.042477164417505264,25336,1352,169712
5,[4,16,2,4,8]
0.04243267700076103,25337,1351,172947
5,[4,16,2,4,16]
0.04253814369440079,25337,1351,176940
5,[4,16,2,4,32]
0.042535435408353806,25336,1352,186373
5,[4,16,2,8,1]
0.25001516938209534,13344,13344,168300
5,[4,16,2,8,2]
0.042507104575634,25336,1352,170703
5,[4,16,2,8,4]
0.2500099837779999,13344,13344,171311
5,[4,16,2,8,8]
0.04244829714298248,25336,1352,177133
5,[4,16,2,8,16]
0.04242556914687157,25337,1351,181245
5,[4,16,2,8,32]
0.042311251163482666,25335,1353,192043
5,[4,16,2,16,1]
0.0424334779381752,25337,1351,172207
5,[4,16,2,16,2]
0.04241633042693138,25337,1351,174138
5,[4,16,2,16,4]
0.04244663938879967,25334,1354,177416
5,[4,16,2,16,8]
0.04248699173331261,25336,1352,180002
5,[4,16,2,16,16]
0.04248750954866409,25336,1352,188143
5,[4,16,2,16,32]
0.25001755356788635,13344,13344,197817
5,[4,16,2,32,1]
0.25001609325408936,13344,13344,177243
5,[4,16,2,32,2]
0.042521413415670395,25336,1352,183747
5,[4,16,2,32,4]
0.042511943727731705,25336,1352,185875
5,[4,16,2,32,8]
0.042300447821617126,25337,1351,192079
5,[4,16,2,32,16]
0.0423777773976326,25337,1351,204046
5,[4,16,2,32,32]
0.24999874830245972,13344,13344,218223
5,[4,16,4,1,1]
0.25001588463783264,13344,13344,167947
5,[4,16,4,1,2]
0.0425865612924099,25336,1352,168955
5,[4,16,4,1,4]
0.04250326752662659,25336,1352,170262
5,[4,16,4,1,8]
0.04246162250638008,25334,1354,171903
5,[4,16,4,1,16]
0.04232984408736229,25337,1351,174884
5,[4,16,4,1,32]
0.25000911951065063,13344,13344,179820
5,[4,16,4,2,1]
0.25000935792922974,13344,13344,167730
5,[4,16,4,2,2]
0.042545024305582047,25336,1352,169795
5,[4,16,4,2,4]
0.04255867749452591,25336,1352,172537
5,[4,16,4,2,8]
0.042291056364774704,25335,1353,173116
5,[4,16,4,2,16]
0.04231495037674904,25337,1351,177271
5,[4,16,4,2,32]
0.250013142824173,13344,13344,181882
5,[4,16,4,4,1]
0.042456261813640594,25336,1352,171649
5,[4,16,4,4,2]
0.04248906299471855,25337,1351,171382
5,[4,16,4,4,4]
0.04247913882136345,25336,1352,172418
5,[4,16,4,4,8]
0.042349379509687424,25337,1351,182894
5,[4,16,4,4,16]
0.043534308671951294,25332,1356,187920
5,[4,16,4,4,32]
0.04218503460288048,25335,1353,207997
5,[4,16,4,8,1]
0.25001364946365356,13344,13344,182939
5,[4,16,4,8,2]
0.04229874163866043,25337,1351,182863
5,[4,16,4,8,4]
0.042475711554288864,25336,1352,181163
5,[4,16,4,8,8]
0.04219946637749672,25337,1351,186831
5,[4,16,4,8,16]
0.04219675064086914,25335,1353,186136
5,[4,16,4,8,32]
0.04243261739611626,25337,1351,196911
5,[4,16,4,16,1]
0.25001630187034607,13344,13344,176556
5,[4,16,4,16,2]
0.042323265224695206,25337,1351,180533
5,[4,16,4,16,4]
0.2500167191028595,13344,13344,181442
5,[4,16,4,16,8]
0.042514167726039886,25336,1352,185470
5,[4,16,4,16,16]
0.04239986091852188,25337,1351,193795
5,[4,16,4,16,32]
0.04392797872424126,25288,1400,209565
5,[4,16,4,32,1]
0.25000542402267456,13344,13344,185235
5,[4,16,4,32,2]
0.2500152587890625,13344,13344,191158
5,[4,16,4,32,4]
0.2500115931034088,13344,13344,187457
5,[4,16,4,32,8]
0.04228300228714943,25337,1351,199465
5,[4,16,4,32,16]
0.04239599406719208,25336,1352,210915
5,[4,16,4,32,32]
0.04228005185723305,25337,1351,235158
5,[4,16,8,1,1]
0.25000351667404175,13344,13344,172480
5,[4,16,8,1,2]
0.25000861287117004,13344,13344,171756
5,[4,16,8,1,4]
0.04246171936392784,25336,1352,176186
5,[4,16,8,1,8]
0.04249710217118263,25336,1352,177730
5,[4,16,8,1,16]
0.04230203106999397,25337,1351,181659
5,[4,16,8,1,32]
0.04251410439610481,25337,1351,188994
5,[4,16,8,2,1]
0.2500062882900238,13344,13344,172655
5,[4,16,8,2,2]
0.042418431490659714,25337,1351,175468
5,[4,16,8,2,4]
0.04225859418511391,25335,1353,177475
5,[4,16,8,2,8]
0.04228350520133972,25335,1353,179165
5,[4,16,8,2,16]
0.042417626827955246,25337,1351,184804
5,[4,16,8,2,32]
0.07041893154382706,24506,2182,212741
5,[4,16,8,4,1]
0.042269401252269745,25337,1351,194559
5,[4,16,8,4,2]
0.04239848256111145,25335,1353,187914
5,[4,16,8,4,4]
0.0423404797911644,25335,1353,183613
5,[4,16,8,4,8]
0.04233332723379135,25337,1351,186116
5,[4,16,8,4,16]
0.042345598340034485,25337,1351,185299
5,[4,16,8,4,32]
0.04220223426818848,25337,1351,189744
5,[4,16,8,8,1]
0.25000542402267456,13344,13344,175179
5,[4,16,8,8,2]
0.25001636147499084,13344,13344,174847
5,[4,16,8,8,4]
0.04227915033698082,25337,1351,179492
5,[4,16,8,8,8]
0.04216523841023445,25335,1353,182617
5,[4,16,8,8,16]
0.04238820821046829,25336,1352,185753
5,[4,16,8,8,32]
0.042353305965662,25336,1352,197223
5,[4,16,8,16,1]
0.0423712395131588,25337,1351,181199
5,[4,16,8,16,2]
0.04258032143115997,25336,1352,184537
5,[4,16,8,16,4]
0.04229648783802986,25337,1351,187002
5,[4,16,8,16,8]
0.04218678176403046,25335,1353,189545
5,[4,16,8,16,16]
0.04220443218946457,25334,1354,197493
5,[4,16,8,16,32]
0.042288053780794144,25337,1351,217730
5,[4,16,8,32,1]
0.042504798620939255,25336,1352,201865
5,[4,16,8,32,2]
0.04241017997264862,25334,1354,215933
5,[4,16,8,32,4]
0.04218568280339241,25337,1351,205880
5,[4,16,8,32,8]
0.04228287190198898,25337,1351,205933
5,[4,16,8,32,16]
0.042224057018756866,25335,1353,226697
5,[4,16,8,32,32]
0.04219975695014,25335,1353,249577
5,[4,16,16,1,1]
0.2500185966491699,13344,13344,181692
5,[4,16,16,1,2]
0.2500177323818207,13344,13344,180221
5,[4,16,16,1,4]
0.04246067628264427,25337,1351,182395
5,[4,16,16,1,8]
0.25001728534698486,13344,13344,185829
5,[4,16,16,1,16]
0.2500151991844177,13344,13344,186855
5,[4,16,16,1,32]
0.2500123083591461,13344,13344,192955
5,[4,16,16,2,1]
0.2500099837779999,13344,13344,181284
5,[4,16,16,2,2]
0.04226996377110481,25337,1351,185302
5,[4,16,16,2,4]
0.2500130832195282,13344,13344,185169
5,[4,16,16,2,8]
0.042426612228155136,25337,1351,187537
5,[4,16,16,2,16]
0.2500136196613312,13344,13344,189486
5,[4,16,16,2,32]
0.04246073588728905,25337,1351,201376
5,[4,16,16,4,1]
0.2500152587890625,13344,13344,184492
5,[4,16,16,4,2]
0.04226645082235336,25335,1353,190107
5,[4,16,16,4,4]
0.042610783129930496,25336,1352,187368
5,[4,16,16,4,8]
0.04221460968255997,25335,1353,204917
5,[4,16,16,4,16]
0.042310938239097595,25337,1351,208464
5,[4,16,16,4,32]
0.042281508445739746,25337,1351,198625
5,[4,16,16,8,1]
0.04233810305595398,25335,1353,185919
5,[4,16,16,8,2]
0.0438493937253952,25288,1400,185699
5,[4,16,16,8,4]
0.04246191307902336,25336,1352,188505
5,[4,16,16,8,8]
0.04219627007842064,25335,1353,191636
5,[4,16,16,8,16]
0.04236210510134697,25337,1351,195242
5,[4,16,16,8,32]
0.04216083511710167,25335,1353,206677
5,[4,16,16,16,1]
0.2500160336494446,13344,13344,190056
5,[4,16,16,16,2]
0.25001853704452515,13344,13344,190312
5,[4,16,16,16,4]
0.042255472391843796,25335,1353,199342
5,[4,16,16,16,8]
0.04229651764035225,25337,1351,205506
5,[4,16,16,16,16]
0.04231298714876175,25337,1351,208826
5,[4,16,16,16,32]
0.04218633100390434,25337,1351,226862
5,[4,16,16,32,1]
0.042294252663850784,25335,1353,208585
5,[4,16,16,32,2]
0.25000685453414917,13344,13344,208359
5,[4,16,16,32,4]
0.04220054671168327,25335,1353,214242
5,[4,16,16,32,8]
0.04220091551542282,25337,1351,220623
5,[4,16,16,32,16]
0.04230700433254242,25337,1351,231570
5,[4,16,16,32,32]
0.04223565757274628,25337,1351,254431
5,[4,16,32,1,1]
0.2500128746032715,13344,13344,193948
5,[4,16,32,1,2]
0.25001922249794006,13344,13344,198347
5,[4,16,32,1,4]
0.04236704111099243,25337,1351,201717
5,[4,16,32,1,8]
0.2500172555446625,13344,13344,198475
5,[4,16,32,1,16]
0.04250459372997284,25337,1351,206236
5,[4,16,32,1,32]
0.2500172257423401,13344,13344,212467
5,[4,16,32,2,1]
0.2500072717666626,13344,13344,197263
5,[4,16,32,2,2]
0.25000402331352234,13344,13344,202110
5,[4,16,32,2,4]
0.2500123679637909,13344,13344,198658
5,[4,16,32,2,8]
0.042455241084098816,25336,1352,203769
5,[4,16,32,2,16]
0.042419981211423874,25337,1351,210116
5,[4,16,32,2,32]
0.042287107557058334,25337,1351,218526
5,[4,16,32,4,1]
0.25001412630081177,13344,13344,200544
5,[4,16,32,4,2]
0.04257746785879135,25336,1352,205652
5,[4,16,32,4,4]
0.04246842861175537,25337,1351,206579
5,[4,16,32,4,8]
0.042164769023656845,25335,1353,210062
5,[4,16,32,4,16]
0.04230674356222153,25337,1351,214076
5,[4,16,32,4,32]
0.04226980358362198,25337,1351,224170
5,[4,16,32,8,1]
0.04225385934114456,25335,1353,210852
5,[4,16,32,8,2]
0.04238688945770264,25337,1351,211291
5,[4,16,32,8,4]
0.04232864826917648,25337,1351,213549
5,[4,16,32,8,8]
0.04225239157676697,25337,1351,216337
5,[4,16,32,8,16]
0.04227995499968529,25337,1351,221069
5,[4,16,32,8,32]
0.04225154221057892,25337,1351,232198
5,[4,16,32,16,1]
0.2500123381614685,13344,13344,217220
5,[4,16,32,16,2]
0.04235665127635002,25335,1353,225292
5,[4,16,32,16,4]
0.042359545826911926,25337,1351,227082
5,[4,16,32,16,8]
0.04227127507328987,25337,1351,231884
5,[4,16,32,16,16]
0.042170990258455276,25335,1353,238212
5,[4,16,32,16,32]
0.04227915778756142,25337,1351,254530
5,[4,16,32,32,1]
0.042359087616205215,25335,1353,249296
5,[4,16,32,32,2]
0.25001269578933716,13344,13344,240736
5,[4,16,32,32,4]
0.04226255044341087,25337,1351,253435
5,[4,16,32,32,8]
0.042202793061733246,25337,1351,257470
5,[4,16,32,32,16]
0.04234030842781067,25337,1351,269646
5,[4,16,32,32,32]
0.042180392891168594,25335,1353,293774
5,[4,32,1,1,1]
0.2500167787075043,13344,13344,179972
5,[4,32,1,1,2]
0.2500154972076416,13344,13344,179279
5,[4,32,1,1,4]
0.25000911951065063,13344,13344,179672
5,[4,32,1,1,8]
0.2500115931034088,13344,13344,182744
5,[4,32,1,1,16]
0.2500148415565491,13344,13344,183475
5,[4,32,1,1,32]
0.2500167191028595,13344,13344,191415
5,[4,32,1,2,1]
0.2500145137310028,13344,13344,178874
5,[4,32,1,2,2]
0.2500118613243103,13344,13344,181608
5,[4,32,1,2,4]
0.2500064969062805,13344,13344,181227
5,[4,32,1,2,8]
0.04248452186584473,25337,1351,184971
5,[4,32,1,2,16]
0.04238211363554001,25337,1351,188951
5,[4,32,1,2,32]
0.04244363680481911,25335,1353,196784
5,[4,32,1,4,1]
0.24999240040779114,13344,13344,181026
5,[4,32,1,4,2]
0.04226117208600044,25335,1353,183018
5,[4,32,1,4,4]
0.04249870032072067,25337,1351,184241
5,[4,32,1,4,8]
0.04230978712439537,25337,1351,186920
5,[4,32,1,4,16]
0.25000661611557007,13344,13344,186887
5,[4,32,1,4,32]
0.24999921023845673,13344,13344,196018
5,[4,32,1,8,1]
0.2500101327896118,13344,13344,184276
5,[4,32,1,8,2]
0.04249132052063942,25337,1351,185037
5,[4,32,1,8,4]
0.2500113844871521,13344,13344,183783
5,[4,32,1,8,8]
0.24999502301216125,13344,13344,187772
5,[4,32,1,8,16]
0.04228769615292549,25337,1351,196202
5,[4,32,1,8,32]
0.04245233163237572,25337,1351,206791
5,[4,32,1,16,1]
0.0424114353954792,25337,1351,187914
5,[4,32,1,16,2]
0.0423177108168602,25335,1353,190043
5,[4,32,1,16,4]
0.2500118911266327,13344,13344,189221
5,[4,32,1,16,8]
0.04247145354747772,25337,1351,195728
5,[4,32,1,16,16]
0.2500142753124237,13344,13344,198077
5,[4,32,1,16,32]
0.04230404272675514,25335,1353,219591
5,[4,32,1,32,1]
0.25000762939453125,13344,13344,194788
5,[4,32,1,32,2]
0.04253627732396126,25337,1351,199950
5,[4,32,1,32,4]
0.25001266598701477,13344,13344,199846
5,[4,32,1,32,8]
0.0425364151597023,25334,1354,205945
5,[4,32,1,32,16]
0.042417291551828384,25337,1351,217198
5,[4,32,1,32,32]
0.0423675999045372,25335,1353,240445
5,[4,32,2,1,1]
0.2500094473361969,13344,13344,181534
5,[4,32,2,1,2]
0.0424104705452919,25337,1351,184132
5,[4,32,2,1,4]
0.25001204013824463,13344,13344,182699
5,[4,32,2,1,8]
0.2500082850456238,13344,13344,183018
5,[4,32,2,1,16]
0.25001564621925354,13344,13344,185689
5,[4,32,2,1,32]
0.04252823069691658,25334,1354,197040
5,[4,32,2,2,1]
0.2500125765800476,13344,13344,181316
5,[4,32,2,2,2]
0.25001010298728943,13344,13344,181728
5,[4,32,2,2,4]
0.2500092089176178,13344,13344,183305
5,[4,32,2,2,8]
0.042464643716812134,25337,1351,187114
5,[4,32,2,2,16]
0.25001925230026245,13344,13344,189834
5,[4,32,2,2,32]
0.042342666536569595,25335,1353,198906
5,[4,32,2,4,1]
0.2500156760215759,13344,13344,205009
5,[4,32,2,4,2]
0.042344704270362854,25335,1353,209900
5,[4,32,2,4,4]
0.042206816375255585,25335,1353,211166
5,[4,32,2,4,8]
0.04245989769697189,25336,1352,217334
5,[4,32,2,4,16]
0.042406536638736725,25337,1351,226584
5,[4,32,2,4,32]
0.25001242756843567,13344,13344,229161
5,[4,32,2,8,1]
0.25000593066215515,13344,13344,216901
5,[4,32,2,8,2]
0.04240100830793381,25337,1351,219810
5,[4,32,2,8,4]
0.25001055002212524,13344,13344,221440
5,[4,32,2,8,8]
0.04231177642941475,25337,1351,223868
5,[4,32,2,8,16]
0.042441777884960175,25336,1352,230027
5,[4,32,2,8,32]
0.042582012712955475,25336,1352,241168
5,[4,32,2,16,1]
0.250017911195755,13344,13344,220082
5,[4,32,2,16,2]
0.25001272559165955,13344,13344,220614
5,[4,32,2,16,4]
0.04235021397471428,25335,1353,225492
5,[4,32,2,16,8]
0.04241414740681648,25337,1351,230748
5,[4,32,2,16,16]
0.04229139909148216,25337,1351,237437
5,[4,32,2,16,32]
0.04232368245720863,25337,1351,252635
5,[4,32,2,32,1]
0.25001150369644165,13344,13344,227303
5,[4,32,2,32,2]
0.0423295795917511,25337,1351,233083
5,[4,32,2,32,4]
0.04235105216503143,25337,1351,236395
5,[4,32,2,32,8]
0.042323023080825806,25337,1351,242185
5,[4,32,2,32,16]
0.04226190224289894,25337,1351,252809
5,[4,32,2,32,32]
0.042212191969156265,25337,1351,277974
5,[4,32,4,1,1]
0.2500065565109253,13344,13344,216467
5,[4,32,4,1,2]
0.25001516938209534,13344,13344,216820
5,[4,32,4,1,4]
0.04251639544963837,25336,1352,219806
5,[4,32,4,1,8]
0.0425848588347435,25332,1356,221308
5,[4,32,4,1,16]
0.2500198185443878,13344,13344,223066
5,[4,32,4,1,32]
0.04234699532389641,25337,1351,232406
5,[4,32,4,2,1]
0.25001537799835205,13344,13344,216639
5,[4,32,4,2,2]
0.2500123679637909,13344,13344,217230
5,[4,32,4,2,4]
0.2500148117542267,13344,13344,218303
5,[4,32,4,2,8]
0.042339395731687546,25335,1353,221499
5,[4,32,4,2,16]
0.042211197316646576,25335,1353,226358
5,[4,32,4,2,32]
0.04240040108561516,25336,1352,233623
5,[4,32,4,4,1]
0.25001204013824463,13344,13344,217198
5,[4,32,4,4,2]
0.04228877276182175,25337,1351,201564
5,[4,32,4,4,4]
0.042285412549972534,25337,1351,201380
5,[4,32,4,4,8]
0.25000888109207153,13344,13344,204149
5,[4,32,4,4,16]
0.04387644678354263,25290,1398,208216
5,[4,32,4,4,32]
0.04243640974164009,25337,1351,217610
5,[4,32,4,8,1]
0.042330894619226456,25335,1353,203414
5,[4,32,4,8,2]
0.2500094771385193,13344,13344,200044
5,[4,32,4,8,4]
0.04257834702730179,25334,1354,205975
5,[4,32,4,8,8]
0.04224702715873718,25337,1351,207856
5,[4,32,4,8,16]
0.04219454526901245,25335,1353,212274
5,[4,32,4,8,32]
0.04231639951467514,25334,1354,222454
5,[4,32,4,16,1]
0.04231547564268112,25334,1354,205552
5,[4,32,4,16,2]
0.042532701045274734,25336,1352,207583
5,[4,32,4,16,4]
0.06950214505195618,24534,2154,210098
5,[4,32,4,16,8]
0.04223634675145149,25334,1354,212534
5,[4,32,4,16,16]
0.042331792414188385,25337,1351,219015
5,[4,32,4,16,32]
0.04219600185751915,25332,1356,234396
5,[4,32,4,32,1]
0.04247964546084404,25333,1355,214323
5,[4,32,4,32,2]
0.0421789325773716,25335,1353,217039
5,[4,32,4,32,4]
0.04232346639037132,25337,1351,219321
5,[4,32,4,32,8]
0.042547449469566345,25337,1351,224917
5,[4,32,4,32,16]
0.042312223464250565,25337,1351,235129
5,[4,32,4,32,32]
0.042202435433864594,25335,1353,257298
5,[4,32,8,1,1]
0.25000548362731934,13344,13344,202192
5,[4,32,8,1,2]
0.25001850724220276,13344,13344,202679
5,[4,32,8,1,4]
0.25001445412635803,13344,13344,202493
5,[4,32,8,1,8]
0.2500137686729431,13344,13344,206919
5,[4,32,8,1,16]
0.25000858306884766,13344,13344,206659
5,[4,32,8,1,32]
0.04251052811741829,25337,1351,217979
5,[4,32,8,2,1]
0.04236000403761864,25335,1353,205416
5,[4,32,8,2,2]
0.04242615029215813,25337,1351,206059
5,[4,32,8,2,4]
0.04252379387617111,25336,1352,206145
5,[4,32,8,2,8]
0.042322903871536255,25337,1351,206781
5,[4,32,8,2,16]
0.042412638664245605,25332,1356,210777
5,[4,32,8,2,32]
0.2500101923942566,13344,13344,214038
5,[4,32,8,4,1]
0.042391493916511536,25335,1353,207137
5,[4,32,8,4,2]
0.250016450881958,13344,13344,206195
5,[4,32,8,4,4]
0.042318642139434814,25337,1351,208574
5,[4,32,8,4,8]
0.042364317923784256,25337,1351,210553
5,[4,32,8,4,16]
0.04219670221209526,25335,1353,213556
5,[4,32,8,4,32]
0.04222653806209564,25333,1355,223481
5,[4,32,8,8,1]
0.04237541928887367,25335,1353,209701
5,[4,32,8,8,2]
0.04223291948437691,25337,1351,210553
5,[4,32,8,8,4]
0.042393192648887634,25333,1355,212786
5,[4,32,8,8,8]
0.042208898812532425,25335,1353,214470
5,[4,32,8,8,16]
0.042307645082473755,25337,1351,219329
5,[4,32,8,8,32]
0.04240959882736206,25337,1351,229431
5,[4,32,8,16,1]
0.04242727532982826,25337,1351,214644
5,[4,32,8,16,2]
0.042214617133140564,25335,1353,216850
5,[4,32,8,16,4]
0.04235941916704178,25335,1353,217893
5,[4,32,8,16,8]
0.04229745268821716,25335,1353,220874
5,[4,32,8,16,16]
0.04232218861579895,25337,1351,227005
5,[4,32,8,16,32]
0.042344555258750916,25337,1351,242246
5,[4,32,8,32,1]
0.042363204061985016,25335,1353,224802
5,[4,32,8,32,2]
0.04232969507575035,25332,1356,226042
5,[4,32,8,32,4]
0.04228804633021355,25337,1351,228389
5,[4,32,8,32,8]
0.04218577221035957,25335,1353,234115
5,[4,32,8,32,16]
0.042295604944229126,25337,1351,244892
5,[4,32,8,32,32]
0.042225707322359085,25337,1351,267702
5,[4,32,16,1,1]
0.25000664591789246,13344,13344,213630
5,[4,32,16,1,2]
0.2500121295452118,13344,13344,211563
5,[4,32,16,1,4]
0.04250010848045349,25336,1352,216338
5,[4,32,16,1,8]
0.04245329275727272,25336,1352,217458
5,[4,32,16,1,16]
0.25001344084739685,13344,13344,214501
5,[4,32,16,1,32]
0.042543575167655945,25336,1352,227444
5,[4,32,16,2,1]
0.250019371509552,13344,13344,212325
5,[4,32,16,2,2]
0.25001153349876404,13344,13344,212200
5,[4,32,16,2,4]
0.25001460313796997,13344,13344,213113
5,[4,32,16,2,8]
0.042298879474401474,25337,1351,219174
5,[4,32,16,2,16]
0.042494889348745346,25337,1351,223449
5,[4,32,16,2,32]
0.042324528098106384,25334,1354,230662
5,[4,32,16,4,1]
0.042373981326818466,25337,1351,218676
5,[4,32,16,4,2]
0.042354732751846313,25335,1353,218801
5,[4,32,16,4,4]
0.04229094833135605,25337,1351,219385
5,[4,32,16,4,8]
0.04234275221824646,25337,1351,222321
5,[4,32,16,4,16]
0.04223327711224556,25337,1351,224772
5,[4,32,16,4,32]
0.04218234121799469,25335,1353,233695
5,[4,32,16,8,1]
0.25000375509262085,13344,13344,217407
5,[4,32,16,8,2]
0.042421210557222366,25337,1351,222554
5,[4,32,16,8,4]
0.04229075089097023,25337,1351,223987
5,[4,32,16,8,8]
0.042334794998168945,25335,1353,226214
5,[4,32,16,8,16]
0.04418275132775307,24966,1722,230830
5,[4,32,16,8,32]
0.042279891669750214,25337,1351,243801
5,[4,32,16,16,1]
0.25001561641693115,13344,13344,226873
5,[4,32,16,16,2]
0.04241740703582764,25337,1351,230393
5,[4,32,16,16,4]
0.04225467890501022,25335,1353,232244
5,[4,32,16,16,8]
0.042197708040475845,25335,1353,234337
5,[4,32,16,16,16]
0.042159631848335266,25335,1353,241762
5,[4,32,16,16,32]
0.042298607528209686,25337,1351,256881
5,[4,32,16,32,1]
0.042326848953962326,25335,1353,242401
5,[4,32,16,32,2]
0.25001785159111023,13344,13344,237682
5,[4,32,16,32,4]
0.042366914451122284,25335,1353,246592
5,[4,32,16,32,8]
0.04230493679642677,25337,1351,252493
5,[4,32,16,32,16]
0.042239557951688766,25337,1351,265277
5,[4,32,16,32,32]
0.04227603226900101,25337,1351,285732
5,[4,32,32,1,1]
0.25001341104507446,13344,13344,230475
5,[4,32,32,1,2]
0.042549196630716324,25336,1352,238306
5,[4,32,32,1,4]
0.25001394748687744,13344,13344,236538
5,[4,32,32,1,8]
0.2500144839286804,13344,13344,234192
5,[4,32,32,1,16]
0.2500147521495819,13344,13344,241222
5,[4,32,32,1,32]
0.042481351643800735,25334,1354,250999
5,[4,32,32,2,1]
0.04245631769299507,25336,1352,238468
5,[4,32,32,2,2]
0.04252580553293228,25337,1351,239283
5,[4,32,32,2,4]
0.0423828586935997,25335,1353,239722
5,[4,32,32,2,8]
0.042213957756757736,25337,1351,241480
5,[4,32,32,2,16]
0.04229636862874031,25337,1351,245055
5,[4,32,32,2,32]
0.04239553585648537,25337,1351,253476
5,[4,32,32,4,1]
0.250011682510376,13344,13344,235358
5,[4,32,32,4,2]
0.24999287724494934,13344,13344,234561
5,[4,32,32,4,4]
0.042217183858156204,25337,1351,242779
5,[4,32,32,4,8]
0.25001153349876404,13344,13344,243436
5,[4,32,32,4,16]
0.042265720665454865,25337,1351,249452
5,[4,32,32,4,32]
0.04228958860039711,25337,1351,257634
5,[4,32,32,8,1]
0.25000953674316406,13344,13344,240557
5,[4,32,32,8,2]
0.2500144839286804,13344,13344,244152
5,[4,32,32,8,4]
0.042175788432359695,25333,1355,248914
5,[4,32,32,8,8]
0.042382318526506424,25336,1352,250758
5,[4,32,32,8,16]
0.042280130088329315,25337,1351,256079
5,[4,32,32,8,32]
0.042279522866010666,25335,1353,267174
5,[4,32,32,16,1]
0.25001728534698486,13344,13344,256441
5,[4,32,32,16,2]
0.04228106141090393,25337,1351,241847
5,[4,32,32,16,4]
0.042242612689733505,25337,1351,239337
5,[4,32,32,16,8]
0.04217514023184776,25335,1353,224094
5,[4,32,32,16,16]
0.04217807576060295,25335,1353,228231
5,[4,32,32,16,32]
0.04229736328125,25337,1351,241534
5,[4,32,32,32,1]
0.25001513957977295,13344,13344,233043
5,[4,32,32,32,2]
0.25001874566078186,13344,13344,235514
5,[4,32,32,32,4]
0.04213981330394745,25335,1353,239603
5,[4,32,32,32,8]
0.042167238891124725,25337,1351,245037
5,[4,32,32,32,16]
0.04225727170705795,25336,1352,254812
5,[4,32,32,32,32]
0.04221649095416069,25335,1353,272711
