5,[8,1,1,1,1]
0.25001469254493713,13344,13344,118546
5,[8,1,1,1,2]
0.25001993775367737,13344,13344,119658
5,[8,1,1,1,4]
0.25001782178878784,13344,13344,113183
5,[8,1,1,1,8]
0.25001201033592224,13344,13344,134211
5,[8,1,1,1,16]
0.25001636147499084,13344,13344,113424
5,[8,1,1,1,32]
0.042489759624004364,25333,1355,119539
5,[8,1,1,2,1]
0.24999873340129852,13344,13344,127610
5,[8,1,1,2,2]
0.25001564621925354,13344,13344,125629
5,[8,1,1,2,4]
0.2500144839286804,13344,13344,129309
5,[8,1,1,2,8]
0.2500135600566864,13344,13344,132643
5,[8,1,1,2,16]
0.2500181794166565,13344,13344,136844
5,[8,1,1,2,32]
0.2500186860561371,13344,13344,145022
5,[8,1,1,4,1]
0.2500144839286804,13344,13344,132289
5,[8,1,1,4,2]
0.042383745312690735,25337,1351,134074
5,[8,1,1,4,4]
0.2500118315219879,13344,13344,134396
5,[8,1,1,4,8]
0.042406149208545685,25336,1352,139365
5,[8,1,1,4,16]
0.04246865212917328,25337,1351,144046
5,[8,1,1,4,32]
0.2500123679637909,13344,13344,151613
5,[8,1,1,8,1]
0.2500121593475342,13344,13344,135416
5,[8,1,1,8,2]
0.25001421570777893,13344,13344,134789
5,[8,1,1,8,4]
0.25001049041748047,13344,13344,140907
5,[8,1,1,8,8]
0.25001415610313416,13344,13344,142368
5,[8,1,1,8,16]
0.2500166594982147,13344,13344,149197
5,[8,1,1,8,32]
0.2500188946723938,13344,13344,158668
5,[8,1,1,16,1]
0.0426521860063076,25337,1351,129782
5,[8,1,1,16,2]
0.25001418590545654,13344,13344,130499
5,[8,1,1,16,4]
0.25001391768455505,13344,13344,130712
5,[8,1,1,16,8]
0.042317602783441544,25337,1351,137108
5,[8,1,1,16,16]
0.0423857718706131,25337,1351,145454
5,[8,1,1,16,32]
0.042333487421274185,25337,1351,164297
5,[8,1,1,32,1]
0.04262527450919151,25337,1351,144160
5,[8,1,1,32,2]
0.2500115931034088,13344,13344,147184
5,[8,1,1,32,4]
0.2500145435333252,13344,13344,148790
5,[8,1,1,32,8]
0.2500055730342865,13344,13344,154746
5,[8,1,1,32,16]
0.25001513957977295,13344,13344,164528
5,[8,1,1,32,32]
0.04237894341349602,25335,1353,194048
5,[8,1,2,1,1]
0.04241866618394852,25337,1351,131665
5,[8,1,2,1,2]
0.04247548431158066,25337,1351,133312
5,[8,1,2,1,4]
0.25001609325408936,13344,13344,133271
5,[8,1,2,1,8]
0.25001704692840576,13344,13344,133788
5,[8,1,2,1,16]
0.2500205636024475,13344,13344,135216
5,[8,1,2,1,32]
0.0424821637570858,25337,1351,145073
5,[8,1,2,2,1]
0.25001412630081177,13344,13344,131265
5,[8,1,2,2,2]
0.2500070333480835,13344,13344,132142
5,[8,1,2,2,4]
0.2500145733356476,13344,13344,133736
5,[8,1,2,2,8]
0.25001654028892517,13344,13344,134716
5,[8,1,2,2,16]
0.25001463294029236,13344,13344,139562
5,[8,1,2,2,32]
0.2500203549861908,13344,13344,147813
5,[8,1,2,4,1]
0.2500123679637909,13344,13344,134672
5,[8,1,2,4,2]
0.04234693944454193,25337,1351,137597
5,[8,1,2,4,4]
0.25001418590545654,13344,13344,136348
5,[8,1,2,4,8]
0.042415305972099304,25337,1351,141851
5,[8,1,2,4,16]
0.04246369004249573,25337,1351,134978
5,[8,1,2,4,32]
0.04255560413002968,25336,1352,144836
5,[8,1,2,8,1]
0.25001397728919983,13344,13344,134824
5,[8,1,2,8,2]
0.25001418590545654,13344,13344,135751
5,[8,1,2,8,4]
0.04230843484401703,25335,1353,138449
5,[8,1,2,8,8]
0.25001686811447144,13344,13344,138947
5,[8,1,2,8,16]
0.042558930814266205,25337,1351,143482
5,[8,1,2,8,32]
0.04236532002687454,25334,1354,157870
5,[8,1,2,16,1]
0.2500156760215759,13344,13344,137901
5,[8,1,2,16,2]
0.25001153349876404,13344,13344,140230
5,[8,1,2,16,4]
0.042344722896814346,25335,1353,142145
5,[8,1,2,16,8]
0.04240933060646057,25337,1351,148469
5,[8,1,2,16,16]
0.042448461055755615,25337,1351,156985
5,[8,1,2,16,32]
0.25001418590545654,13344,13344,167455
5,[8,1,2,32,1]
0.2500072419643402,13344,13344,147270
5,[8,1,2,32,2]
0.2500099241733551,13344,13344,149299
5,[8,1,2,32,4]
0.0423409529030323,25337,1351,155405
5,[8,1,2,32,8]
0.25001055002212524,13344,13344,156049
5,[8,1,2,32,16]
0.042499933391809464,25337,1351,174238
5,[8,1,2,32,32]
0.042523182928562164,25337,1351,198076
5,[8,1,4,1,1]
0.25001174211502075,13344,13344,135590
5,[8,1,4,1,2]
0.25001776218414307,13344,13344,133838
5,[8,1,4,1,4]
0.2500198781490326,13344,13344,135230
5,[8,1,4,1,8]
0.25001004338264465,13344,13344,135508
5,[8,1,4,1,16]
0.2500149607658386,13344,13344,137633
5,[8,1,4,1,32]
0.042547982186079025,25337,1351,149001
5,[8,1,4,2,1]
0.2500118911266327,13344,13344,133363
5,[8,1,4,2,2]
0.25002291798591614,13344,13344,137410
5,[8,1,4,2,4]
0.0424443818628788,25336,1352,138630
5,[8,1,4,2,8]
0.2500098645687103,13344,13344,139899
5,[8,1,4,2,16]
0.042452357709407806,25337,1351,146642
5,[8,1,4,2,32]
0.25001487135887146,13344,13344,153419
5,[8,1,4,4,1]
0.2500140964984894,13344,13344,138831
5,[8,1,4,4,2]
0.2500048875808716,13344,13344,139299
5,[8,1,4,4,4]
0.0425259955227375,25337,1351,141734
5,[8,1,4,4,8]
0.25000759959220886,13344,13344,143441
5,[8,1,4,4,16]
0.042361315339803696,25335,1353,150053
5,[8,1,4,4,32]
0.25001096725463867,13344,13344,155023
5,[8,1,4,8,1]
0.25000566244125366,13344,13344,140583
5,[8,1,4,8,2]
0.04250982031226158,25334,1354,143872
5,[8,1,4,8,4]
0.04245265945792198,25337,1351,147714
5,[8,1,4,8,8]
0.25001540780067444,13344,13344,147099
5,[8,1,4,8,16]
0.25001442432403564,13344,13344,159127
5,[8,1,4,8,32]
0.04232347756624222,25333,1355,172211
5,[8,1,4,16,1]
0.2500156760215759,13344,13344,151344
5,[8,1,4,16,2]
0.2500130832195282,13344,13344,154479
5,[8,1,4,16,4]
0.25001296401023865,13344,13344,157633
5,[8,1,4,16,8]
0.042433567345142365,25337,1351,161561
5,[8,1,4,16,16]
0.250009149312973,13344,13344,163881
5,[8,1,4,16,32]
0.2500154674053192,13344,13344,179437
5,[8,1,4,32,1]
0.042403336614370346,25337,1351,164341
5,[8,1,4,32,2]
0.04247528687119484,25337,1351,163843
5,[8,1,4,32,4]
0.04253007471561432,25337,1351,165090
5,[8,1,4,32,8]
0.04245880991220474,25337,1351,176221
5,[8,1,4,32,16]
0.042380668222904205,25335,1353,181074
5,[8,1,4,32,32]
0.0423005074262619,25337,1351,205636
5,[8,1,8,1,1]
0.25001204013824463,13344,13344,137627
5,[8,1,8,1,2]
0.2500120997428894,13344,13344,136506
5,[8,1,8,1,4]
0.25000816583633423,13344,13344,139787
5,[8,1,8,1,8]
0.2500084638595581,13344,13344,140882
5,[8,1,8,1,16]
0.25001055002212524,13344,13344,144842
5,[8,1,8,1,32]
0.25001728534698486,13344,13344,151886
5,[8,1,8,2,1]
0.25000473856925964,13344,13344,140106
5,[8,1,8,2,2]
0.2500077188014984,13344,13344,140279
5,[8,1,8,2,4]
0.2500128746032715,13344,13344,142605
5,[8,1,8,2,8]
0.04235801100730896,25337,1351,145731
5,[8,1,8,2,16]
0.2500191628932953,13344,13344,148364
5,[8,1,8,2,32]
0.04234708473086357,25335,1353,159675
5,[8,1,8,4,1]
0.0424969419836998,25334,1354,145654
5,[8,1,8,4,2]
0.2500142455101013,13344,13344,145304
5,[8,1,8,4,4]
0.042406242340803146,25337,1351,154444
5,[8,1,8,4,8]
0.04248032346367836,25334,1354,156585
5,[8,1,8,4,16]
0.2500038146972656,13344,13344,156848
5,[8,1,8,4,32]
0.042385283857584,25335,1353,168924
5,[8,1,8,8,1]
0.2500079572200775,13344,13344,151211
5,[8,1,8,8,2]
0.25001588463783264,13344,13344,152702
5,[8,1,8,8,4]
0.04241225868463516,25337,1351,155770
5,[8,1,8,8,8]
0.04233037680387497,25335,1353,159093
5,[8,1,8,8,16]
0.042311862111091614,25335,1353,163131
5,[8,1,8,8,32]
0.04239192605018616,25335,1353,175499
5,[8,1,8,16,1]
0.25001370906829834,13344,13344,154265
5,[8,1,8,16,2]
0.04252421855926514,25337,1351,160358
5,[8,1,8,16,4]
0.2500145435333252,13344,13344,159117
5,[8,1,8,16,8]
0.04241271689534187,25337,1351,164499
5,[8,1,8,16,16]
0.04236799106001854,25335,1353,172542
5,[8,1,8,16,32]
0.25001174211502075,13344,13344,182903
5,[8,1,8,32,1]
0.04242344945669174,25337,1351,169374
5,[8,1,8,32,2]
0.042523857206106186,25337,1351,171061
5,[8,1,8,32,4]
0.25001463294029236,13344,13344,172703
5,[8,1,8,32,8]
0.04230190068483353,25335,1353,179293
5,[8,1,8,32,16]
0.042293667793273926,25337,1351,193061
5,[8,1,8,32,32]
0.04239381477236748,25337,1351,218409
5,[8,1,16,1,1]
0.25001534819602966,13344,13344,148091
5,[8,1,16,1,2]
0.04250907152891159,25337,1351,152923
5,[8,1,16,1,4]
0.042425889521837234,25337,1351,152294
5,[8,1,16,1,8]
0.04290926828980446,25336,1352,153819
5,[8,1,16,1,16]
0.04246492311358452,25336,1352,157748
5,[8,1,16,1,32]
0.2500087320804596,13344,13344,163782
5,[8,1,16,2,1]
0.25001364946365356,13344,13344,151839
5,[8,1,16,2,2]
0.04239669814705849,25337,1351,155650
5,[8,1,16,2,4]
0.250019371509552,13344,13344,152445
5,[8,1,16,2,8]
0.2500171661376953,13344,13344,158043
5,[8,1,16,2,16]
0.0425301194190979,25336,1352,162533
5,[8,1,16,2,32]
0.042508725076913834,25336,1352,171091
5,[8,1,16,4,1]
0.24999582767486572,13344,13344,157648
5,[8,1,16,4,2]
0.04247693717479706,25336,1352,157541
5,[8,1,16,4,4]
0.042504388839006424,25336,1352,159596
5,[8,1,16,4,8]
0.2500181794166565,13344,13344,157963
5,[8,1,16,4,16]
0.04232648387551308,25337,1351,166149
5,[8,1,16,4,32]
0.042446427047252655,25337,1351,174516
5,[8,1,16,8,1]
0.2500147223472595,13344,13344,157766
5,[8,1,16,8,2]
0.042283229529857635,25335,1353,159603
5,[8,1,16,8,4]
0.25001591444015503,13344,13344,162593
5,[8,1,16,8,8]
0.04238230735063553,25337,1351,166401
5,[8,1,16,8,16]
0.25001341104507446,13344,13344,165184
5,[8,1,16,8,32]
0.042429134249687195,25337,1351,166036
5,[8,1,16,16,1]
0.25001174211502075,13344,13344,151095
5,[8,1,16,16,2]
0.25001275539398193,13344,13344,152951
5,[8,1,16,16,4]
0.042421605437994,25337,1351,157775
5,[8,1,16,16,8]
0.04235811159014702,25337,1351,160414
5,[8,1,16,16,16]
0.25001293420791626,13344,13344,161383
5,[8,1,16,16,32]
0.04246203973889351,25337,1351,182357
5,[8,1,16,32,1]
0.04259653389453888,25337,1351,166816
5,[8,1,16,32,2]
0.2500154674053192,13344,13344,167979
5,[8,1,16,32,4]
0.04261269047856331,25337,1351,171467
5,[8,1,16,32,8]
0.042329560965299606,25337,1351,177828
5,[8,1,16,32,16]
0.042354751378297806,25336,1352,189480
5,[8,1,16,32,32]
0.042447563260793686,25337,1351,212972
5,[8,1,32,1,1]
0.25001779198646545,13344,13344,143914
5,[8,1,32,1,2]
0.2500099539756775,13344,13344,144517
5,[8,1,32,1,4]
0.04252557456493378,25337,1351,150130
5,[8,1,32,1,8]
0.2500177025794983,13344,13344,149245
5,[8,1,32,1,16]
0.2500174343585968,13344,13344,150396
5,[8,1,32,1,32]
0.2500059902667999,13344,13344,157188
5,[8,1,32,2,1]
0.2500140368938446,13344,13344,149013
5,[8,1,32,2,2]
0.04236093908548355,25335,1353,152131
5,[8,1,32,2,4]
0.25001582503318787,13344,13344,167099
5,[8,1,32,2,8]
0.2500153183937073,13344,13344,168413
5,[8,1,32,2,16]
0.042478714138269424,25334,1354,175431
5,[8,1,32,2,32]
0.04229053482413292,25335,1353,181430
5,[8,1,32,4,1]
0.2500171363353729,13344,13344,168930
5,[8,1,32,4,2]
0.25000911951065063,13344,13344,166502
5,[8,1,32,4,4]
0.2500109076499939,13344,13344,168642
5,[8,1,32,4,8]
0.25001659989356995,13344,13344,173138
5,[8,1,32,4,16]
0.25001391768455505,13344,13344,174004
5,[8,1,32,4,32]
0.04224763438105583,25337,1351,187763
5,[8,1,32,8,1]
0.2500098645687103,13344,13344,169450
5,[8,1,32,8,2]
0.25001195073127747,13344,13344,171518
5,[8,1,32,8,4]
0.2499995082616806,13344,13344,172931
5,[8,1,32,8,8]
0.04234844446182251,25335,1353,179672
5,[8,1,32,8,16]
0.04251282662153244,25337,1351,184548
5,[8,1,32,8,32]
0.2500149607658386,13344,13344,188418
5,[8,1,32,16,1]
0.25001558661460876,13344,13344,181045
5,[8,1,32,16,2]
0.042398422956466675,25335,1353,196975
5,[8,1,32,16,4]
0.0424763448536396,25337,1351,199077
5,[8,1,32,16,8]
0.04246003180742264,25335,1353,201843
5,[8,1,32,16,16]
0.042318716645240784,25335,1353,208888
5,[8,1,32,16,32]
0.07030792534351349,24506,2182,223936
5,[8,1,32,32,1]
0.25001591444015503,13344,13344,211733
5,[8,1,32,32,2]
0.042727112770080566,25336,1352,215062
5,[8,1,32,32,4]
0.042668417096138,25337,1351,218749
5,[8,1,32,32,8]
0.042556434869766235,25334,1354,221428
5,[8,1,32,32,16]
0.25001615285873413,13344,13344,217864
5,[8,1,32,32,32]
0.042274169623851776,25337,1351,244265
5,[8,2,1,1,1]
0.04248196631669998,25336,1352,141866
5,[8,2,1,1,2]
0.25001445412635803,13344,13344,141250
5,[8,2,1,1,4]
0.2500086724758148,13344,13344,142577
5,[8,2,1,1,8]
0.250013530254364,13344,13344,142960
5,[8,2,1,1,16]
0.2500089406967163,13344,13344,146064
5,[8,2,1,1,32]
0.25001224875450134,13344,13344,153733
5,[8,2,1,2,1]
0.04247152432799339,25336,1352,144205
5,[8,2,1,2,2]
0.2500154376029968,13344,13344,143953
5,[8,2,1,2,4]
0.25001707673072815,13344,13344,144386
5,[8,2,1,2,8]
0.25001227855682373,13344,13344,144980
5,[8,2,1,2,16]
0.2500143349170685,13344,13344,150138
5,[8,2,1,2,32]
0.2500131130218506,13344,13344,155728
5,[8,2,1,4,1]
0.25001731514930725,13344,13344,143759
5,[8,2,1,4,2]
0.2500115931034088,13344,13344,144150
5,[8,2,1,4,4]
0.25001466274261475,13344,13344,146434
5,[8,2,1,4,8]
0.25001007318496704,13344,13344,147762
5,[8,2,1,4,16]
0.042420394718647,25337,1351,153322
5,[8,2,1,4,32]
0.04231741279363632,25335,1353,163844
5,[8,2,1,8,1]
0.25001609325408936,13344,13344,146399
5,[8,2,1,8,2]
0.04250917583703995,25336,1352,149057
5,[8,2,1,8,4]
0.2500036358833313,13344,13344,148568
5,[8,2,1,8,8]
0.2500075399875641,13344,13344,151091
5,[8,2,1,8,16]
0.04251479357481003,25336,1352,157935
5,[8,2,1,8,32]
0.042510952800512314,25336,1352,169493
5,[8,2,1,16,1]
0.2500153183937073,13344,13344,149837
5,[8,2,1,16,2]
0.2500133514404297,13344,13344,151344
5,[8,2,1,16,4]
0.042513974010944366,25336,1352,156099
5,[8,2,1,16,8]
0.042473919689655304,25337,1351,157637
5,[8,2,1,16,16]
0.0423470176756382,25337,1351,164974
5,[8,2,1,16,32]
0.2500125765800476,13344,13344,175674
5,[8,2,1,32,1]
0.042526062577962875,25336,1352,159457
5,[8,2,1,32,2]
0.25001060962677,13344,13344,158084
5,[8,2,1,32,4]
0.04252868890762329,25336,1352,164538
5,[8,2,1,32,8]
0.04250587150454521,25333,1355,170562
5,[8,2,1,32,16]
0.04249534755945206,25336,1352,182648
5,[8,2,1,32,32]
0.25001060962677,13344,13344,198381
5,[8,2,2,1,1]
0.25000566244125366,13344,13344,146866
5,[8,2,2,1,2]
0.2500109374523163,13344,13344,148148
5,[8,2,2,1,4]
0.25001490116119385,13344,13344,148271
5,[8,2,2,1,8]
0.04251516982913017,25337,1351,150280
5,[8,2,2,1,16]
0.042484547942876816,25337,1351,154151
5,[8,2,2,1,32]
0.2500135004520416,13344,13344,158335
5,[8,2,2,2,1]
0.04243439808487892,25337,1351,147205
5,[8,2,2,2,2]
0.2500174641609192,13344,13344,146762
5,[8,2,2,2,4]
0.2500092387199402,13344,13344,147751
5,[8,2,2,2,8]
0.04247358813881874,25337,1351,150429
5,[8,2,2,2,16]
0.042444534599781036,25337,1351,153776
5,[8,2,2,2,32]
0.25001442432403564,13344,13344,157960
5,[8,2,2,4,1]
0.2500079572200775,13344,13344,147279
5,[8,2,2,4,2]
0.25000840425491333,13344,13344,147531
5,[8,2,2,4,4]
0.042440276592969894,25337,1351,158173
5,[8,2,2,4,8]
0.25001847743988037,13344,13344,159103
5,[8,2,2,4,16]
0.0425485260784626,25336,1352,163626
5,[8,2,2,4,32]
0.25001347064971924,13344,13344,169349
5,[8,2,2,8,1]
0.042449701577425,25337,1351,156480
5,[8,2,2,8,2]
0.042352959513664246,25337,1351,158225
5,[8,2,2,8,4]
0.25001397728919983,13344,13344,157345
5,[8,2,2,8,8]
0.04244982823729515,25337,1351,160688
5,[8,2,2,8,16]
0.04259268566966057,25337,1351,168633
5,[8,2,2,8,32]
0.04248175397515297,25336,1352,179460
5,[8,2,2,16,1]
0.2500154972076416,13344,13344,160519
5,[8,2,2,16,2]
0.2500092387199402,13344,13344,163171
5,[8,2,2,16,4]
0.042507342994213104,25335,1353,165273
5,[8,2,2,16,8]
0.25001057982444763,13344,13344,167646
5,[8,2,2,16,16]
0.25001248717308044,13344,13344,172788
5,[8,2,2,16,32]
0.0424124076962471,25334,1354,190768
5,[8,2,2,32,1]
0.04246547445654869,25337,1351,169654
5,[8,2,2,32,2]
0.25001171231269836,13344,13344,170043
5,[8,2,2,32,4]
0.04243322089314461,25337,1351,173406
5,[8,2,2,32,8]
0.04247846081852913,25337,1351,177590
5,[8,2,2,32,16]
0.042287033051252365,25337,1351,189721
5,[8,2,2,32,32]
0.04237321764230728,25334,1354,214364
5,[8,2,4,1,1]
0.0424659326672554,25337,1351,154657
5,[8,2,4,1,2]
0.04239242896437645,25335,1353,155663
5,[8,2,4,1,4]
0.25001391768455505,13344,13344,156792
5,[8,2,4,1,8]
0.2500211298465729,13344,13344,156570
5,[8,2,4,1,16]
0.04234645888209343,25335,1353,161374
5,[8,2,4,1,32]
0.2500128149986267,13344,13344,165342
5,[8,2,4,2,1]
0.25000444054603577,13344,13344,154812
5,[8,2,4,2,2]
0.042453665286302567,25337,1351,156513
5,[8,2,4,2,4]
0.04246292635798454,25335,1353,157164
5,[8,2,4,2,8]
0.25001636147499084,13344,13344,158295
5,[8,2,4,2,16]
0.25001323223114014,13344,13344,161742
5,[8,2,4,2,32]
0.04241776466369629,25335,1353,170475
5,[8,2,4,4,1]
0.2500188648700714,13344,13344,156483
5,[8,2,4,4,2]
0.042396485805511475,25337,1351,157617
5,[8,2,4,4,4]
0.0425068698823452,25336,1352,158592
5,[8,2,4,4,8]
0.042411498725414276,25337,1351,161275
5,[8,2,4,4,16]
0.04246128350496292,25337,1351,165207
5,[8,2,4,4,32]
0.04241137206554413,25337,1351,173419
5,[8,2,4,8,1]
0.250001460313797,13344,13344,161044
5,[8,2,4,8,2]
0.042308010160923004,25337,1351,161473
5,[8,2,4,8,4]
0.04247411713004112,25336,1352,164025
5,[8,2,4,8,8]
0.042352333664894104,25335,1353,166711
5,[8,2,4,8,16]
0.042254846543073654,25335,1353,178872
5,[8,2,4,8,32]
0.04250238090753555,25337,1351,190017
5,[8,2,4,16,1]
0.2500152289867401,13344,13344,173281
5,[8,2,4,16,2]
0.250007688999176,13344,13344,172843
5,[8,2,4,16,4]
0.042360443621873856,25337,1351,175830
5,[8,2,4,16,8]
0.04222402349114418,25335,1353,179636
5,[8,2,4,16,16]
0.25001585483551025,13344,13344,182515
5,[8,2,4,16,32]
0.042611490935087204,25337,1351,201694
5,[8,2,4,32,1]
0.25001582503318787,13344,13344,179136
5,[8,2,4,32,2]
0.042337626218795776,25337,1351,183540
5,[8,2,4,32,4]
0.04230251908302307,25337,1351,184862
5,[8,2,4,32,8]
0.04239693656563759,25335,1353,191255
5,[8,2,4,32,16]
0.04229963943362236,25337,1351,202998
5,[8,2,4,32,32]
0.04236699268221855,25337,1351,225624
5,[8,2,8,1,1]
0.2500170171260834,13344,13344,165543
5,[8,2,8,1,2]
0.25001344084739685,13344,13344,166139
5,[8,2,8,1,4]
0.04246819019317627,25336,1352,168109
5,[8,2,8,1,8]
0.2500172555446625,13344,13344,167214
5,[8,2,8,1,16]
0.04253261163830757,25337,1351,171715
5,[8,2,8,1,32]
0.04253348335623741,25337,1351,179299
5,[8,2,8,2,1]
0.25001415610313416,13344,13344,165524
5,[8,2,8,2,2]
0.2500079572200775,13344,13344,165933
5,[8,2,8,2,4]
0.042527712881565094,25336,1352,168088
5,[8,2,8,2,8]
0.25001469254493713,13344,13344,168476
5,[8,2,8,2,16]
0.04245038330554962,25337,1351,174139
5,[8,2,8,2,32]
0.04234527423977852,25337,1351,181420
5,[8,2,8,4,1]
0.2500137984752655,13344,13344,168578
5,[8,2,8,4,2]
0.250007688999176,13344,13344,168192
5,[8,2,8,4,4]
0.04246532544493675,25337,1351,170563
5,[8,2,8,4,8]
0.04230010509490967,25335,1353,172913
5,[8,2,8,4,16]
0.042332690209150314,25335,1353,176355
5,[8,2,8,4,32]
0.04226545989513397,25337,1351,184754
5,[8,2,8,8,1]
0.25001323223114014,13344,13344,171535
5,[8,2,8,8,2]
0.2500132918357849,13344,13344,169471
5,[8,2,8,8,4]
0.042577601969242096,25337,1351,171980
5,[8,2,8,8,8]
0.04255848377943039,25336,1352,175268
5,[8,2,8,8,16]
0.04231533408164978,25337,1351,181172
5,[8,2,8,8,32]
0.0423320010304451,25337,1351,190983
5,[8,2,8,16,1]
0.2500153183937073,13344,13344,174288
5,[8,2,8,16,2]
0.04234124347567558,25337,1351,177571
5,[8,2,8,16,4]
0.04229476675391197,25335,1353,179803
5,[8,2,8,16,8]
0.0423513688147068,25334,1354,183032
5,[8,2,8,16,16]
0.042259346693754196,25337,1351,190208
5,[8,2,8,16,32]
0.04255581647157669,25337,1351,205001
5,[8,2,8,32,1]
0.04248982295393944,25336,1352,186884
5,[8,2,8,32,2]
0.25001388788223267,13344,13344,185616
5,[8,2,8,32,4]
0.042519133538007736,25335,1353,190794
5,[8,2,8,32,8]
0.04234255850315094,25337,1351,196868
5,[8,2,8,32,16]
0.042407676577568054,25335,1353,208811
5,[8,2,8,32,32]
0.042409706860780716,25336,1352,231280
5,[8,2,16,1,1]
0.2500137388706207,13344,13344,171081
5,[8,2,16,1,2]
0.042398303747177124,25334,1354,169752
5,[8,2,16,1,4]
0.2500144839286804,13344,13344,169006
5,[8,2,16,1,8]
0.24999971687793732,13344,13344,171273
5,[8,2,16,1,16]
0.04248367249965668,25337,1351,175816
5,[8,2,16,1,32]
0.042484384030103683,25337,1351,184460
5,[8,2,16,2,1]
0.2500120997428894,13344,13344,170023
5,[8,2,16,2,2]
0.04246295988559723,25336,1352,172361
5,[8,2,16,2,4]
0.04250466078519821,25337,1351,173131
5,[8,2,16,2,8]
0.04235244542360306,25337,1351,174091
5,[8,2,16,2,16]
0.04236364737153053,25332,1356,179032
5,[8,2,16,2,32]
0.2500128149986267,13344,13344,181885
5,[8,2,16,4,1]
0.25001260638237,13344,13344,171110
5,[8,2,16,4,2]
0.042361509054899216,25335,1353,174668
5,[8,2,16,4,4]
0.04253924638032913,25335,1353,175090
5,[8,2,16,4,8]
0.0424586646258831,25337,1351,176699
5,[8,2,16,4,16]
0.042473867535591125,25335,1353,180478
5,[8,2,16,4,32]
0.04217759147286415,25335,1353,189991
5,[8,2,16,8,1]
0.04247940704226494,25336,1352,176408
5,[8,2,16,8,2]
0.2500142753124237,13344,13344,175727
5,[8,2,16,8,4]
0.2500132620334625,13344,13344,178880
5,[8,2,16,8,8]
0.04224977642297745,25337,1351,181044
5,[8,2,16,8,16]
0.0422883965075016,25337,1351,185838
5,[8,2,16,8,32]
0.042307592928409576,25337,1351,196763
5,[8,2,16,16,1]
0.042455755174160004,25337,1351,182898
5,[8,2,16,16,2]
0.042291123420000076,25335,1353,184815
5,[8,2,16,16,4]
0.25001204013824463,13344,13344,182562
5,[8,2,16,16,8]
0.04240542650222778,25337,1351,189878
5,[8,2,16,16,16]
0.04223454371094704,25335,1353,197142
5,[8,2,16,16,32]
0.042294297367334366,25335,1353,212541
5,[8,2,16,32,1]
0.04244536906480789,25337,1351,199401
5,[8,2,16,32,2]
0.04218507930636406,25337,1351,199876
5,[8,2,16,32,4]
0.042316969484090805,25337,1351,202705
5,[8,2,16,32,8]
0.042169202119112015,25335,1353,208593
5,[8,2,16,32,16]
0.04232021048665047,25335,1353,220473
5,[8,2,16,32,32]
0.04256051406264305,25336,1352,242762
5,[8,2,32,1,1]
0.25000494718551636,13344,13344,176313
5,[8,2,32,1,2]
0.04228415712714195,25334,1354,177600
5,[8,2,32,1,4]
0.042370136827230453,25337,1351,178386
5,[8,2,32,1,8]
0.04249758645892143,25337,1351,181030
5,[8,2,32,1,16]
0.04242968559265137,25334,1354,183365
5,[8,2,32,1,32]
0.25001299381256104,13344,13344,188747
5,[8,2,32,2,1]
0.250013530254364,13344,13344,178692
5,[8,2,32,2,2]
0.2500220537185669,13344,13344,178009
5,[8,2,32,2,4]
0.25001370906829834,13344,13344,180328
5,[8,2,32,2,8]
0.042295902967453,25334,1354,181901
5,[8,2,32,2,16]
0.04257193207740784,25337,1351,186004
5,[8,2,32,2,32]
0.04240789636969566,25335,1353,193373
5,[8,2,32,4,1]
0.042419999837875366,25337,1351,181779
5,[8,2,32,4,2]
0.042449600994586945,25335,1353,182014
5,[8,2,32,4,4]
0.0425715409219265,25336,1352,182958
5,[8,2,32,4,8]
0.042223528027534485,25334,1354,185844
5,[8,2,32,4,16]
0.04231114685535431,25337,1351,190000
5,[8,2,32,4,32]
0.25001370906829834,13344,13344,195389
5,[8,2,32,8,1]
0.25001204013824463,13344,13344,181939
5,[8,2,32,8,2]
0.25001832842826843,13344,13344,183936
5,[8,2,32,8,4]
0.042301516979932785,25337,1351,189140
5,[8,2,32,8,8]
0.2500115931034088,13344,13344,185536
5,[8,2,32,8,16]
0.04239146411418915,25337,1351,196888
5,[8,2,32,8,32]
0.042281512171030045,25337,1351,208470
5,[8,2,32,16,1]
0.2500123679637909,13344,13344,194582
5,[8,2,32,16,2]
0.04255132004618645,25337,1351,199944
5,[8,2,32,16,4]
0.04232316464185715,25337,1351,202970
5,[8,2,32,16,8]
0.04224653169512749,25337,1351,206773
5,[8,2,32,16,16]
0.0423748716711998,25337,1351,214852
5,[8,2,32,16,32]
0.042218249291181564,25335,1353,229520
5,[8,2,32,32,1]
0.04250049591064453,25337,1351,221987
5,[8,2,32,32,2]
0.0422658734023571,25335,1353,221034
5,[8,2,32,32,4]
0.04230247437953949,25337,1351,217706
5,[8,2,32,32,8]
0.04226221889257431,25337,1351,219521
5,[8,2,32,32,16]
0.042287617921829224,25337,1351,228059
5,[8,2,32,32,32]
0.04229199141263962,25337,1351,249670
5,[8,4,1,1,1]
0.2500153183937073,13344,13344,145642
5,[8,4,1,1,2]
0.25001561641693115,13344,13344,145939
5,[8,4,1,1,4]
0.2500191330909729,13344,13344,146564
5,[8,4,1,1,8]
0.2500172555446625,13344,13344,148065
5,[8,4,1,1,16]
0.2499978244304657,13344,13344,151100
5,[8,4,1,1,32]
0.2500186860561371,13344,13344,157348
5,[8,4,1,2,1]
0.2500115633010864,13344,13344,146356
5,[8,4,1,2,2]
0.250011146068573,13344,13344,146872
5,[8,4,1,2,4]
0.2500145435333252,13344,13344,147310
5,[8,4,1,2,8]
0.04244688153266907,25334,1354,150922
5,[8,4,1,2,16]
0.04238682612776756,25337,1351,155229
5,[8,4,1,2,32]
0.2500112056732178,13344,13344,159990
5,[8,4,1,4,1]
0.25001269578933716,13344,13344,147414
5,[8,4,1,4,2]
0.04241703823208809,25337,1351,149686
5,[8,4,1,4,4]
0.24999982118606567,13344,13344,149168
5,[8,4,1,4,8]
0.04248899593949318,25337,1351,153238
5,[8,4,1,4,16]
0.04239927604794502,25335,1353,157503
5,[8,4,1,4,32]
0.04244288057088852,25337,1351,166134
5,[8,4,1,8,1]
0.24999810755252838,13344,13344,151063
5,[8,4,1,8,2]
0.04239369183778763,25337,1351,152362
5,[8,4,1,8,4]
0.2500113844871521,13344,13344,154009
5,[8,4,1,8,8]
0.04238224774599075,25337,1351,155806
5,[8,4,1,8,16]
0.042464010417461395,25337,1351,160703
5,[8,4,1,8,32]
0.2500060200691223,13344,13344,170141
5,[8,4,1,16,1]
0.0423584058880806,25337,1351,154361
5,[8,4,1,16,2]
0.04255698248744011,25337,1351,155844
5,[8,4,1,16,4]
0.04238992556929588,25337,1351,157907
5,[8,4,1,16,8]
0.04247385635972023,25337,1351,160740
5,[8,4,1,16,16]
0.25001707673072815,13344,13344,164829
5,[8,4,1,16,32]
0.042406413704156876,25335,1353,183186
5,[8,4,1,32,1]
0.25001201033592224,13344,13344,161147
5,[8,4,1,32,2]
0.25001510977745056,13344,13344,162097
5,[8,4,1,32,4]
0.042650025337934494,25336,1352,168013
5,[8,4,1,32,8]
0.2500152289867401,13344,13344,169219
5,[8,4,1,32,16]
0.042445264756679535,25337,1351,184841
5,[8,4,1,32,32]
0.04250321164727211,25337,1351,208897
5,[8,4,2,1,1]
0.25001341104507446,13344,13344,149314
5,[8,4,2,1,2]
0.25000977516174316,13344,13344,150320
5,[8,4,2,1,4]
0.0423557311296463,25337,1351,151869
5,[8,4,2,1,8]
0.042462222278118134,25334,1354,153848
5,[8,4,2,1,16]
0.04230581969022751,25335,1353,157322
5,[8,4,2,1,32]
0.04257906228303909,25337,1351,165491
5,[8,4,2,2,1]
0.25001558661460876,13344,13344,150376
5,[8,4,2,2,2]
0.25001394748687744,13344,13344,153259
5,[8,4,2,2,4]
0.2500114440917969,13344,13344,152515
5,[8,4,2,2,8]
0.042299989610910416,25337,1351,158976
5,[8,4,2,2,16]
0.04241287708282471,25335,1353,163037
5,[8,4,2,2,32]
0.04241824150085449,25337,1351,171392
5,[8,4,2,4,1]
0.2500157952308655,13344,13344,155043
5,[8,4,2,4,2]
0.2500137984752655,13344,13344,155698
5,[8,4,2,4,4]
0.25001829862594604,13344,13344,156290
5,[8,4,2,4,8]
0.042468879371881485,25337,1351,160079
5,[8,4,2,4,16]
0.04229159280657768,25337,1351,164835
5,[8,4,2,4,32]
0.042373500764369965,25337,1351,174523
5,[8,4,2,8,1]
0.25000929832458496,13344,13344,156842
5,[8,4,2,8,2]
0.2500123977661133,13344,13344,158373
5,[8,4,2,8,4]
0.04247129708528519,25334,1354,160281
5,[8,4,2,8,8]
0.04233458265662193,25337,1351,163517
5,[8,4,2,8,16]
0.04257972538471222,25336,1352,168116
5,[8,4,2,8,32]
0.042348019778728485,25335,1353,179492
5,[8,4,2,16,1]
0.04238322004675865,25337,1351,161994
5,[8,4,2,16,2]
0.04234834760427475,25337,1351,164124
5,[8,4,2,16,4]
0.04237152636051178,25337,1351,165890
5,[8,4,2,16,8]
0.04232151433825493,25335,1353,170041
5,[8,4,2,16,16]
0.04243290796875954,25337,1351,177222
5,[8,4,2,16,32]
0.25001832842826843,13344,13344,192821
5,[8,4,2,32,1]
0.2500157356262207,13344,13344,167621
5,[8,4,2,32,2]
0.04228290915489197,25335,1353,174102
5,[8,4,2,32,4]
0.042193703353405,25335,1353,179145
5,[8,4,2,32,8]
0.042380496859550476,25334,1354,183338
5,[8,4,2,32,16]
0.042363736778497696,25335,1353,193878
5,[8,4,2,32,32]
0.25000250339508057,13344,13344,206478
5,[8,4,4,1,1]
0.25001204013824463,13344,13344,155278
5,[8,4,4,1,2]
0.04234859347343445,25337,1351,156503
5,[8,4,4,1,4]
0.04242273047566414,25337,1351,160383
5,[8,4,4,1,8]
0.04247579723596573,25336,1352,168701
5,[8,4,4,1,16]
0.042304955422878265,25332,1356,170750
5,[8,4,4,1,32]
0.04252574220299721,25336,1352,174815
5,[8,4,4,2,1]
0.04229753836989403,25337,1351,161626
5,[8,4,4,2,2]
0.04245821386575699,25336,1352,179262
5,[8,4,4,2,4]
0.04245742782950401,25334,1354,166856
5,[8,4,4,2,8]
0.04233567416667938,25337,1351,168574
5,[8,4,4,2,16]
0.04249269887804985,25336,1352,171586
5,[8,4,4,2,32]
0.04239268600940704,25337,1351,185624
5,[8,4,4,4,1]
0.2500060200691223,13344,13344,175682
5,[8,4,4,4,2]
0.04235168173909187,25337,1351,164002
5,[8,4,4,4,4]
0.04247964173555374,25336,1352,164755
5,[8,4,4,4,8]
0.04231836274266243,25336,1352,165938
5,[8,4,4,4,16]
0.04237503930926323,25337,1351,170457
5,[8,4,4,4,32]
0.042275119572877884,25337,1351,175875
5,[8,4,4,8,1]
0.25001412630081177,13344,13344,169872
5,[8,4,4,8,2]
0.25001487135887146,13344,13344,166678
5,[8,4,4,8,4]
0.2500123679637909,13344,13344,175525
5,[8,4,4,8,8]
0.042428020387887955,25337,1351,169979
5,[8,4,4,8,16]
0.04221022129058838,25335,1353,175605
5,[8,4,4,8,32]
0.04227406159043312,25335,1353,198148
5,[8,4,4,16,1]
0.24998819828033447,13344,13344,167003
5,[8,4,4,16,2]
0.042294133454561234,25337,1351,171228
5,[8,4,4,16,4]
0.04222036153078079,25335,1353,176727
5,[8,4,4,16,8]
0.0422547273337841,25335,1353,182856
5,[8,4,4,16,16]
0.042306117713451385,25337,1351,190373
5,[8,4,4,16,32]
0.04225500673055649,25335,1353,205978
5,[8,4,4,32,1]
0.2500186264514923,13344,13344,179479
5,[8,4,4,32,2]
0.2500143349170685,13344,13344,181448
5,[8,4,4,32,4]
0.2500133812427521,13344,13344,184351
5,[8,4,4,32,8]
0.04232154041528702,25335,1353,194412
5,[8,4,4,32,16]
0.04227309301495552,25337,1351,204391
5,[8,4,4,32,32]
0.04230460524559021,25337,1351,228537
5,[8,4,8,1,1]
0.2500142455101013,13344,13344,165579
5,[8,4,8,1,2]
0.04236772656440735,25337,1351,166535
5,[8,4,8,1,4]
0.0424547977745533,25336,1352,169073
5,[8,4,8,1,8]
0.2500159740447998,13344,13344,168906
5,[8,4,8,1,16]
0.25001633167266846,13344,13344,170192
5,[8,4,8,1,32]
0.25001224875450134,13344,13344,178021
5,[8,4,8,2,1]
0.2500177323818207,13344,13344,167220
5,[8,4,8,2,2]
0.2500172257423401,13344,13344,167122
5,[8,4,8,2,4]
0.0423303097486496,25337,1351,168605
5,[8,4,8,2,8]
0.04235821217298508,25337,1351,171142
5,[8,4,8,2,16]
0.042396944016218185,25337,1351,189045
5,[8,4,8,2,32]
0.04226012900471687,25335,1353,184376
5,[8,4,8,4,1]
0.2500063478946686,13344,13344,167655
5,[8,4,8,4,2]
0.25001442432403564,13344,13344,179909
5,[8,4,8,4,4]
0.042383939027786255,25337,1351,180550
5,[8,4,8,4,8]
0.042387571185827255,25337,1351,182590
5,[8,4,8,4,16]
0.04232607036828995,25335,1353,186164
5,[8,4,8,4,32]
0.04246683791279793,25336,1352,197612
5,[8,4,8,8,1]
0.04233647882938385,25335,1353,184691
5,[8,4,8,8,2]
0.04238758608698845,25337,1351,182234
5,[8,4,8,8,4]
0.042457789182662964,25337,1351,184278
5,[8,4,8,8,8]
0.042205434292554855,25335,1353,188731
5,[8,4,8,8,16]
0.04237649589776993,25337,1351,192347
5,[8,4,8,8,32]
0.04217718914151192,25335,1353,204676
5,[8,4,8,16,1]
0.042367927730083466,25335,1353,186035
5,[8,4,8,16,2]
0.04240409657359123,25337,1351,187746
5,[8,4,8,16,4]
0.042340800166130066,25337,1351,190093
5,[8,4,8,16,8]
0.04228236526250839,25337,1351,195739
5,[8,4,8,16,16]
0.04229211062192917,25337,1351,195941
5,[8,4,8,16,32]
0.04234200716018677,25335,1353,211844
5,[8,4,8,32,1]
0.04239906743168831,25337,1351,195973
5,[8,4,8,32,2]
0.0423264242708683,25335,1353,206558
5,[8,4,8,32,4]
0.042341653257608414,25337,1351,206789
5,[8,4,8,32,8]
0.04216265305876732,25335,1353,216920
5,[8,4,8,32,16]
0.042292360216379166,25337,1351,222790
5,[8,4,8,32,32]
0.04223393276333809,25335,1353,248757
5,[8,4,16,1,1]
0.2500075399875641,13344,13344,180483
5,[8,4,16,1,2]
0.2500187158584595,13344,13344,180116
5,[8,4,16,1,4]
0.04243866354227066,25337,1351,179685
5,[8,4,16,1,8]
0.04227623715996742,25337,1351,178647
5,[8,4,16,1,16]
0.042533595114946365,25337,1351,181598
5,[8,4,16,1,32]
0.04247536137700081,25337,1351,192015
5,[8,4,16,2,1]
0.2500171661376953,13344,13344,185517
5,[8,4,16,2,2]
0.042420871555805206,25337,1351,185420
5,[8,4,16,2,4]
0.04244783893227577,25337,1351,182248
5,[8,4,16,2,8]
0.04240868240594864,25337,1351,182602
5,[8,4,16,2,16]
0.04238095507025719,25337,1351,184821
5,[8,4,16,2,32]
0.04229157790541649,25337,1351,191715
5,[8,4,16,4,1]
0.042293597012758255,25335,1353,178829
5,[8,4,16,4,2]
0.04250434786081314,25336,1352,179019
5,[8,4,16,4,4]
0.04239499568939209,25337,1351,181267
5,[8,4,16,4,8]
0.04229414835572243,25335,1353,182653
5,[8,4,16,4,16]
0.04236990213394165,25337,1351,187702
5,[8,4,16,4,32]
0.04239489883184433,25337,1351,200835
5,[8,4,16,8,1]
0.2500152289867401,13344,13344,184376
5,[8,4,16,8,2]
0.25001758337020874,13344,13344,185150
5,[8,4,16,8,4]
0.042344361543655396,25337,1351,190134
5,[8,4,16,8,8]
0.0423075370490551,25337,1351,191863
5,[8,4,16,8,16]
0.04219311848282814,25335,1353,196586
5,[8,4,16,8,32]
0.04249687120318413,25337,1351,203258
5,[8,4,16,16,1]
0.042576976120471954,25336,1352,188874
5,[8,4,16,16,2]
0.04242908954620361,25337,1351,191647
5,[8,4,16,16,4]
0.04238669574260712,25337,1351,193210
5,[8,4,16,16,8]
0.04229959100484848,25335,1353,196136
5,[8,4,16,16,16]
0.042290106415748596,25337,1351,203542
5,[8,4,16,16,32]
0.042215220630168915,25335,1353,217932
5,[8,4,16,32,1]
0.2500011920928955,13344,13344,209573
5,[8,4,16,32,2]
0.042174335569143295,25335,1353,217843
5,[8,4,16,32,4]
0.042396869510412216,25335,1353,218118
5,[8,4,16,32,8]
0.04244266077876091,25337,1351,220794
5,[8,4,16,32,16]
0.042320530861616135,25337,1351,233169
5,[8,4,16,32,32]
0.042273569852113724,25337,1351,255559
5,[8,4,32,1,1]
0.2500145733356476,13344,13344,189060
5,[8,4,32,1,2]
0.042426470667123795,25337,1351,193303
5,[8,4,32,1,4]
0.04247209429740906,25337,1351,195346
5,[8,4,32,1,8]
0.0423412099480629,25335,1353,192647
5,[8,4,32,1,16]
0.0425286740064621,25336,1352,195916
5,[8,4,32,1,32]
0.0425121933221817,25337,1351,209125
5,[8,4,32,2,1]
0.2500145137310028,13344,13344,192123
5,[8,4,32,2,2]
0.2500087320804596,13344,13344,192722
5,[8,4,32,2,4]
0.25001806020736694,13344,13344,192937
5,[8,4,32,2,8]
0.042433399707078934,25337,1351,194620
5,[8,4,32,2,16]
0.04231671243906021,25335,1353,197382
5,[8,4,32,2,32]
0.042259883135557175,25337,1351,202305
5,[8,4,32,4,1]
0.25001174211502075,13344,13344,184799
5,[8,4,32,4,2]
0.25001874566078186,13344,13344,185167
5,[8,4,32,4,4]
0.04232778400182724,25334,1354,192158
5,[8,4,32,4,8]
0.042450156062841415,25337,1351,193680
5,[8,4,32,4,16]
0.0422997921705246,25335,1353,196072
5,[8,4,32,4,32]
0.04217616096138954,25335,1353,205556
5,[8,4,32,8,1]
0.04234509915113449,25335,1353,193415
5,[8,4,32,8,2]
0.042431943118572235,25337,1351,195261
5,[8,4,32,8,4]
0.0423014871776104,25335,1353,201347
5,[8,4,32,8,8]
0.0422440841794014,25337,1351,204474
5,[8,4,32,8,16]
0.04231908917427063,25337,1351,209290
5,[8,4,32,8,32]
0.042310506105422974,25337,1351,219729
5,[8,4,32,16,1]
0.25001204013824463,13344,13344,208014
5,[8,4,32,16,2]
0.042306311428546906,25335,1353,212418
5,[8,4,32,16,4]
0.042240310460329056,25335,1353,219312
5,[8,4,32,16,8]
0.042443111538887024,25336,1352,223242
5,[8,4,32,16,16]
0.042234234511852264,25335,1353,238234
5,[8,4,32,16,32]
0.04218760132789612,25335,1353,251449
5,[8,4,32,32,1]
0.25000935792922974,13344,13344,251781
5,[8,4,32,32,2]
0.04243941605091095,25337,1351,258834
5,[8,4,32,32,4]
0.042265474796295166,25335,1353,263278
5,[8,4,32,32,8]
0.042314883321523666,25337,1351,256166
5,[8,4,32,32,16]
0.04234281927347183,25337,1351,258074
5,[8,4,32,32,32]
0.04229998216032982,25337,1351,281550
5,[8,8,1,1,1]
0.2500166594982147,13344,13344,174123
5,[8,8,1,1,2]
0.2500106394290924,13344,13344,175455
5,[8,8,1,1,4]
0.2500108778476715,13344,13344,175234
5,[8,8,1,1,8]
0.25000691413879395,13344,13344,176712
5,[8,8,1,1,16]
0.2500164806842804,13344,13344,179943
5,[8,8,1,1,32]
0.2500181198120117,13344,13344,186692
5,[8,8,1,2,1]
0.2500166594982147,13344,13344,175391
5,[8,8,1,2,2]
0.04236992821097374,25335,1353,176859
5,[8,8,1,2,4]
0.25001755356788635,13344,13344,176855
5,[8,8,1,2,8]
0.25000157952308655,13344,13344,177157
5,[8,8,1,2,16]
0.04235611483454704,25337,1351,182455
5,[8,8,1,2,32]
0.04234480857849121,25335,1353,190555
5,[8,8,1,4,1]
0.04237117990851402,25335,1353,175789
5,[8,8,1,4,2]
0.25001630187034607,13344,13344,175424
5,[8,8,1,4,4]
0.25001639127731323,13344,13344,178325
5,[8,8,1,4,8]
0.0424538291990757,25337,1351,181680
5,[8,8,1,4,16]
0.042761169373989105,25334,1354,185033
5,[8,8,1,4,32]
0.04247269034385681,25335,1353,193541
5,[8,8,1,8,1]
0.2500111758708954,13344,13344,176802
5,[8,8,1,8,2]
0.2500115633010864,13344,13344,177268
5,[8,8,1,8,4]
0.04254443943500519,25336,1352,180291
5,[8,8,1,8,8]
0.04227415844798088,25335,1353,182554
5,[8,8,1,8,16]
0.25001877546310425,13344,13344,186786
5,[8,8,1,8,32]
0.2500123977661133,13344,13344,198033
5,[8,8,1,16,1]
0.2500099837779999,13344,13344,179367
5,[8,8,1,16,2]
0.25001832842826843,13344,13344,180816
5,[8,8,1,16,4]
0.04247238114476204,25333,1355,184581
5,[8,8,1,16,8]
0.04233010858297348,25337,1351,188880
5,[8,8,1,16,16]
0.04246901348233223,25337,1351,195650
5,[8,8,1,16,32]
0.04236777126789093,25335,1353,212226
5,[8,8,1,32,1]
0.04243621230125427,25337,1351,190143
5,[8,8,1,32,2]
0.2500183880329132,13344,13344,187485
5,[8,8,1,32,4]
0.04257996380329132,25336,1352,194102
5,[8,8,1,32,8]
0.2500177025794983,13344,13344,194875
5,[8,8,1,32,16]
0.2500160336494446,13344,13344,205420
5,[8,8,1,32,32]
0.2500065267086029,13344,13344,226250
5,[8,8,2,1,1]
0.2500118315219879,13344,13344,175391
5,[8,8,2,1,2]
0.25001123547554016,13344,13344,175914
5,[8,8,2,1,4]
0.25001734495162964,13344,13344,175769
5,[8,8,2,1,8]
0.04236412048339844,25335,1353,179824
5,[8,8,2,1,16]
0.04248280078172684,25336,1352,182494
5,[8,8,2,1,32]
0.250015527009964,13344,13344,188036
5,[8,8,2,2,1]
0.25001198053359985,13344,13344,175749
5,[8,8,2,2,2]
0.04234657809138298,25335,1353,177835
5,[8,8,2,2,4]
0.04244116321206093,25337,1351,178334
5,[8,8,2,2,8]
0.04248650372028351,25337,1351,180372
5,[8,8,2,2,16]
0.04246358945965767,25337,1351,184864
5,[8,8,2,2,32]
0.04236054793000221,25337,1351,192903
5,[8,8,2,4,1]
0.25001463294029236,13344,13344,178098
5,[8,8,2,4,2]
0.04242193326354027,25337,1351,179405
5,[8,8,2,4,4]
0.04240010306239128,25333,1355,180503
5,[8,8,2,4,8]
0.042237237095832825,25337,1351,182832
5,[8,8,2,4,16]
0.0423525869846344,25335,1353,187062
5,[8,8,2,4,32]
0.04237736761569977,25335,1353,195678
5,[8,8,2,8,1]
0.2500133514404297,13344,13344,178151
5,[8,8,2,8,2]
0.04234742745757103,25337,1351,181308
5,[8,8,2,8,4]
0.04235222563147545,25335,1353,183372
5,[8,8,2,8,8]
0.04236115887761116,25335,1353,185878
5,[8,8,2,8,16]
0.04236413910984993,25337,1351,190615
5,[8,8,2,8,32]
0.2500144839286804,13344,13344,196992
5,[8,8,2,16,1]
0.2500138580799103,13344,13344,190113
5,[8,8,2,16,2]
0.04234401881694794,25335,1353,193688
5,[8,8,2,16,4]
0.04252225533127785,25336,1352,194596
5,[8,8,2,16,8]
0.04234249144792557,25337,1351,198925
5,[8,8,2,16,16]
0.04219288006424904,25337,1351,205770
5,[8,8,2,16,32]
0.04229028895497322,25337,1351,222549
5,[8,8,2,32,1]
0.25000542402267456,13344,13344,196637
5,[8,8,2,32,2]
0.04236574098467827,25332,1356,200675
5,[8,8,2,32,4]
0.0423547588288784,25336,1352,205092
5,[8,8,2,32,8]
0.04228490963578224,25337,1351,209725
5,[8,8,2,32,16]
0.04230388626456261,25337,1351,221903
5,[8,8,2,32,32]
0.04255187138915062,25337,1351,243572
5,[8,8,4,1,1]
0.2500136196613312,13344,13344,184749
5,[8,8,4,1,2]
0.25001460313796997,13344,13344,185894
5,[8,8,4,1,4]
0.25001516938209534,13344,13344,188906
5,[8,8,4,1,8]
0.042294107377529144,25337,1351,189457
5,[8,8,4,1,16]
0.04250246658921242,25336,1352,192579
5,[8,8,4,1,32]
0.2500077486038208,13344,13344,196861
5,[8,8,4,2,1]
0.2500106990337372,13344,13344,184684
5,[8,8,4,2,2]
0.2500182092189789,13344,13344,187082
5,[8,8,4,2,4]
0.25001710653305054,13344,13344,187800
5,[8,8,4,2,8]
0.04241064563393593,25337,1351,190648
5,[8,8,4,2,16]
0.2500115931034088,13344,13344,193148
5,[8,8,4,2,32]
0.042415209114551544,25337,1351,202571
5,[8,8,4,4,1]
0.04229661449790001,25337,1351,187534
5,[8,8,4,4,2]
0.2500171959400177,13344,13344,186873
5,[8,8,4,4,4]
0.04237213358283043,25335,1353,190566
5,[8,8,4,4,8]
0.042388614267110825,25337,1351,194836
5,[8,8,4,4,16]
0.04226871579885483,25335,1353,199433
5,[8,8,4,4,32]
0.04223017767071724,25335,1353,208567
5,[8,8,4,8,1]
0.2500160336494446,13344,13344,190797
5,[8,8,4,8,2]
0.2500068247318268,13344,13344,194450
5,[8,8,4,8,4]
0.04228974133729935,25335,1353,195328
5,[8,8,4,8,8]
0.04241721332073212,25336,1352,199014
5,[8,8,4,8,16]
0.0424046628177166,25336,1352,203299
5,[8,8,4,8,32]
0.04246019944548607,25337,1351,214892
5,[8,8,4,16,1]
0.04231372848153114,25335,1353,197861
5,[8,8,4,16,2]
0.25001460313796997,13344,13344,197538
5,[8,8,4,16,4]
0.04241182655096054,25337,1351,201786
5,[8,8,4,16,8]
0.042320944368839264,25337,1351,205529
5,[8,8,4,16,16]
0.04228227585554123,25334,1354,211825
5,[8,8,4,16,32]
0.04229727014899254,25335,1353,228030
5,[8,8,4,32,1]
0.04240687936544418,25335,1353,206992
5,[8,8,4,32,2]
0.0424133762717247,25337,1351,208434
5,[8,8,4,32,4]
0.04230393096804619,25337,1351,211187
5,[8,8,4,32,8]
0.04235950484871864,25337,1351,217916
5,[8,8,4,32,16]
0.04387408122420311,25290,1398,227903
5,[8,8,4,32,32]
0.04226675629615784,25337,1351,252837
5,[8,8,8,1,1]
0.2500135600566864,13344,13344,190389
5,[8,8,8,1,2]
0.04234083369374275,25335,1353,192490
5,[8,8,8,1,4]
0.0424380861222744,25335,1353,193246
5,[8,8,8,1,8]
0.042314622551202774,25335,1353,194325
5,[8,8,8,1,16]
0.04249418154358864,25337,1351,198563
5,[8,8,8,1,32]
0.042328089475631714,25337,1351,206337
5,[8,8,8,2,1]
0.25001034140586853,13344,13344,191216
5,[8,8,8,2,2]
0.04244295135140419,25337,1351,193831
5,[8,8,8,2,4]
0.04224367439746857,25335,1353,194322
5,[8,8,8,2,8]
0.04231197386980057,25335,1353,196826
5,[8,8,8,2,16]
0.04232346639037132,25337,1351,199933
5,[8,8,8,2,32]
0.25000566244125366,13344,13344,204126
5,[8,8,8,4,1]
0.04238048940896988,25337,1351,195141
5,[8,8,8,4,2]
0.042434412986040115,25337,1351,196822
5,[8,8,8,4,4]
0.04230790585279465,25337,1351,196705
5,[8,8,8,4,8]
0.042336996644735336,25337,1351,199477
5,[8,8,8,4,16]
0.042218875139951706,25335,1353,202797
5,[8,8,8,4,32]
0.04239800572395325,25336,1352,212392
5,[8,8,8,8,1]
0.042345497757196426,25337,1351,196815
5,[8,8,8,8,2]
0.042427513748407364,25337,1351,198741
5,[8,8,8,8,4]
0.042280979454517365,25337,1351,199997
5,[8,8,8,8,8]
0.04229677468538284,25337,1351,202296
5,[8,8,8,8,16]
0.0423215888440609,25337,1351,207129
5,[8,8,8,8,32]
0.04231682047247887,25337,1351,220007
5,[8,8,8,16,1]
0.042292024940252304,25335,1353,202910
5,[8,8,8,16,2]
0.04218728840351105,25335,1353,205097
5,[8,8,8,16,4]
0.0422651581466198,25335,1353,206975
5,[8,8,8,16,8]
0.04228857159614563,25337,1351,210685
5,[8,8,8,16,16]
0.042182646691799164,25335,1353,217657
5,[8,8,8,16,32]
0.042244769632816315,25335,1353,233536
5,[8,8,8,32,1]
0.04237039014697075,25335,1353,214999
5,[8,8,8,32,2]
0.2500145137310028,13344,13344,212989
5,[8,8,8,32,4]
0.04227036237716675,25337,1351,218542
5,[8,8,8,32,8]
0.042213134467601776,25335,1353,224517
5,[8,8,8,32,16]
0.04218015819787979,25335,1353,236599
5,[8,8,8,32,32]
0.04222869873046875,25337,1351,260520
5,[8,8,16,1,1]
0.2500055730342865,13344,13344,196020
5,[8,8,16,1,2]
0.04235919192433357,25337,1351,199280
5,[8,8,16,1,4]
0.04241371899843216,25335,1353,199515
5,[8,8,16,1,8]
0.04233907163143158,25335,1353,202204
5,[8,8,16,1,16]
0.04234757646918297,25335,1353,207281
5,[8,8,16,1,32]
0.25000908970832825,13344,13344,211832
5,[8,8,16,2,1]
0.042339906096458435,25337,1351,202364
5,[8,8,16,2,2]
0.042417775839567184,25337,1351,203279
5,[8,8,16,2,4]
0.04219866916537285,25335,1353,204101
5,[8,8,16,2,8]
0.0423184372484684,25335,1353,205655
5,[8,8,16,2,16]
0.04227200895547867,25337,1351,210322
5,[8,8,16,2,32]
0.04230058938264847,25337,1351,218764
5,[8,8,16,4,1]
0.25001707673072815,13344,13344,202384
5,[8,8,16,4,2]
0.2500143051147461,13344,13344,202402
5,[8,8,16,4,4]
0.04225079342722893,25335,1353,206728
5,[8,8,16,4,8]
0.04226239025592804,25337,1351,208262
5,[8,8,16,4,16]
0.04222732409834862,25332,1356,213175
5,[8,8,16,4,32]
0.042137131094932556,25335,1353,221053
5,[8,8,16,8,1]
0.2500101923942566,13344,13344,204190
5,[8,8,16,8,2]
0.042359858751297,25333,1355,208087
5,[8,8,16,8,4]
0.04230859875679016,25337,1351,210849
5,[8,8,16,8,8]
0.04239511862397194,25337,1351,212412
5,[8,8,16,8,16]
0.04225275292992592,25333,1355,217831
5,[8,8,16,8,32]
0.04224420711398125,25337,1351,229233
5,[8,8,16,16,1]
0.04233004152774811,25335,1353,214435
5,[8,8,16,16,2]
0.25001323223114014,13344,13344,212283
5,[8,8,16,16,4]
0.04229772090911865,25337,1351,220084
5,[8,8,16,16,8]
0.04226485639810562,25334,1354,223014
5,[8,8,16,16,16]
0.0421733558177948,25337,1351,230541
5,[8,8,16,16,32]
0.04215237870812416,25337,1351,244711
5,[8,8,16,32,1]
0.04239248111844063,25335,1353,231227
5,[8,8,16,32,2]
0.04247993230819702,25336,1352,232810
5,[8,8,16,32,4]
0.04218127205967903,25335,1353,236116
5,[8,8,16,32,8]
0.042186204344034195,25337,1351,241039
5,[8,8,16,32,16]
0.042274393141269684,25337,1351,254438
5,[8,8,16,32,32]
0.042263250797986984,25337,1351,280867
5,[8,8,32,1,1]
0.25001204013824463,13344,13344,210079
5,[8,8,32,1,2]
0.04235171526670456,25337,1351,213900
5,[8,8,32,1,4]
0.0423518605530262,25332,1356,215421
5,[8,8,32,1,8]
0.04236482456326485,25335,1353,215727
5,[8,8,32,1,16]
0.04244569316506386,25335,1353,219465
5,[8,8,32,1,32]
0.25001853704452515,13344,13344,226643
5,[8,8,32,2,1]
0.2500177025794983,13344,13344,212037
5,[8,8,32,2,2]
0.04236903041601181,25335,1353,215126
5,[8,8,32,2,4]
0.042409129440784454,25335,1353,216059
5,[8,8,32,2,8]
0.04232248291373253,25335,1353,217100
5,[8,8,32,2,16]
0.042386796325445175,25337,1351,222361
5,[8,8,32,2,32]
0.042267151176929474,25337,1351,229885
5,[8,8,32,4,1]
0.0422857441008091,25335,1353,217511
5,[8,8,32,4,2]
0.04245563969016075,25337,1351,219140
5,[8,8,32,4,4]
0.04247146099805832,25337,1351,218981
5,[8,8,32,4,8]
0.04228593781590462,25337,1351,223147
5,[8,8,32,4,16]
0.042230118066072464,25334,1354,225636
5,[8,8,32,4,32]
0.042184438556432724,25334,1354,234632
5,[8,8,32,8,1]
0.04247452691197395,25337,1351,223813
5,[8,8,32,8,2]
0.04233361780643463,25337,1351,223306
5,[8,8,32,8,4]
0.04216624051332474,25335,1353,225293
5,[8,8,32,8,8]
0.04212963581085205,25335,1353,228959
5,[8,8,32,8,16]
0.042164579033851624,25335,1353,233749
5,[8,8,32,8,32]
0.04222190007567406,25337,1351,244578
5,[8,8,32,16,1]
0.042377013713121414,25335,1353,235320
5,[8,8,32,16,2]
0.04220373183488846,25335,1353,237605
5,[8,8,32,16,4]
0.04218670353293419,25335,1353,240285
5,[8,8,32,16,8]
0.042205147445201874,25335,1353,246251
5,[8,8,32,16,16]
0.042168643325567245,25335,1353,252935
5,[8,8,32,16,32]
0.04219905287027359,25335,1353,268470
5,[8,8,32,32,1]
0.25002092123031616,13344,13344,253021
5,[8,8,32,32,2]
0.042249541729688644,25335,1353,255028
5,[8,8,32,32,4]
0.04230031743645668,25337,1351,255854
5,[8,8,32,32,8]
0.04234398528933525,25336,1352,247260
5,[8,8,32,32,16]
0.04215900972485542,25335,1353,256087
5,[8,8,32,32,32]
0.04223887249827385,25337,1351,276243
5,[8,16,1,1,1]
0.25001052021980286,13344,13344,166380
5,[8,16,1,1,2]
0.25001612305641174,13344,13344,167254
5,[8,16,1,1,4]
0.25001412630081177,13344,13344,167767
5,[8,16,1,1,8]
0.2500189542770386,13344,13344,168902
5,[8,16,1,1,16]
0.25001299381256104,13344,13344,172499
5,[8,16,1,1,32]
0.25001463294029236,13344,13344,180009
5,[8,16,1,2,1]
0.25001245737075806,13344,13344,167623
5,[8,16,1,2,2]
0.25001150369644165,13344,13344,167705
5,[8,16,1,2,4]
0.042426154017448425,25337,1351,170641
5,[8,16,1,2,8]
0.25001534819602966,13344,13344,169854
5,[8,16,1,2,16]
0.2500118315219879,13344,13344,173908
5,[8,16,1,2,32]
0.042361561208963394,25335,1353,184885
5,[8,16,1,4,1]
0.25001266598701477,13344,13344,167097
5,[8,16,1,4,2]
0.042399171739816666,25337,1351,169583
5,[8,16,1,4,4]
0.0424126498401165,25337,1351,171025
5,[8,16,1,4,8]
0.04234730452299118,25335,1353,175288
5,[8,16,1,4,16]
0.042394235730171204,25335,1353,178331
5,[8,16,1,4,32]
0.0424678735435009,25337,1351,187980
5,[8,16,1,8,1]
0.2500168979167938,13344,13344,168919
5,[8,16,1,8,2]
0.2500133812427521,13344,13344,169668
5,[8,16,1,8,4]
0.2500156760215759,13344,13344,172712
5,[8,16,1,8,8]
0.2500136196613312,13344,13344,175256
5,[8,16,1,8,16]
0.0425015464425087,25337,1351,181489
5,[8,16,1,8,32]
0.04249889403581619,25337,1351,192720
5,[8,16,1,16,1]
0.24999912083148956,13344,13344,172676
5,[8,16,1,16,2]
0.0425102561712265,25336,1352,177041
5,[8,16,1,16,4]
0.04258235916495323,25333,1355,178958
5,[8,16,1,16,8]
0.25001251697540283,13344,13344,178438
5,[8,16,1,16,16]
0.042351629585027695,25335,1353,190017
5,[8,16,1,16,32]
0.04244347661733627,25337,1351,204670
5,[8,16,1,32,1]
0.2500091791152954,13344,13344,181353
5,[8,16,1,32,2]
0.04241683706641197,25335,1353,185771
5,[8,16,1,32,4]
0.25001299381256104,13344,13344,187284
5,[8,16,1,32,8]
0.04241083562374115,25335,1353,194125
5,[8,16,1,32,16]
0.04240669682621956,25335,1353,207539
5,[8,16,1,32,32]
0.04247104004025459,25337,1351,229754
5,[8,16,2,1,1]
0.2500053644180298,13344,13344,171699
5,[8,16,2,1,2]
0.25000515580177307,13344,13344,173039
5,[8,16,2,1,4]
0.042449306696653366,25335,1353,174002
5,[8,16,2,1,8]
0.04241780564188957,25337,1351,175639
5,[8,16,2,1,16]
0.042465098202228546,25337,1351,178894
5,[8,16,2,1,32]
0.250016450881958,13344,13344,183685
5,[8,16,2,2,1]
0.25001683831214905,13344,13344,171916
5,[8,16,2,2,2]
0.25001534819602966,13344,13344,172508
5,[8,16,2,2,4]
0.042405035346746445,25337,1351,175206
5,[8,16,2,2,8]
0.04227408766746521,25335,1353,176509
5,[8,16,2,2,16]
0.04247383028268814,25333,1355,180855
5,[8,16,2,2,32]
0.25001344084739685,13344,13344,184649
5,[8,16,2,4,1]
0.25001537799835205,13344,13344,174393
5,[8,16,2,4,2]
0.042440690100193024,25337,1351,174315
5,[8,16,2,4,4]
0.04240722209215164,25337,1351,175973
5,[8,16,2,4,8]
0.2500164210796356,13344,13344,177431
5,[8,16,2,4,16]
0.04237585514783859,25334,1354,180697
5,[8,16,2,4,32]
0.04230136796832085,25332,1356,190400
5,[8,16,2,8,1]
0.2500106394290924,13344,13344,172651
5,[8,16,2,8,2]
0.25001490116119385,13344,13344,173492
5,[8,16,2,8,4]
0.04244972765445709,25337,1351,177337
5,[8,16,2,8,8]
0.04232146963477135,25337,1351,179963
5,[8,16,2,8,16]
0.04240497201681137,25335,1353,185072
5,[8,16,2,8,32]
0.0422661192715168,25335,1353,196191
5,[8,16,2,16,1]
0.042427241802215576,25333,1355,179418
5,[8,16,2,16,2]
0.04229418560862541,25337,1351,181263
5,[8,16,2,16,4]
0.04240206256508827,25337,1351,183072
5,[8,16,2,16,8]
0.04226400703191757,25337,1351,186201
5,[8,16,2,16,16]
0.04240959882736206,25337,1351,192851
5,[8,16,2,16,32]
0.04224351420998573,25335,1353,210262
5,[8,16,2,32,1]
0.25000911951065063,13344,13344,185201
5,[8,16,2,32,2]
0.2500035762786865,13344,13344,188542
5,[8,16,2,32,4]
0.042372819036245346,25337,1351,192459
5,[8,16,2,32,8]
0.042438168078660965,25337,1351,198902
5,[8,16,2,32,16]
0.042327601462602615,25337,1351,210144
5,[8,16,2,32,32]
0.042205046862363815,25332,1356,235737
5,[8,16,4,1,1]
0.042330969125032425,25335,1353,176895
5,[8,16,4,1,2]
0.04247094318270683,25333,1355,175101
5,[8,16,4,1,4]
0.2500138580799103,13344,13344,176248
5,[8,16,4,1,8]
0.25001582503318787,13344,13344,175270
5,[8,16,4,1,16]
0.04230618104338646,25335,1353,181458
5,[8,16,4,1,32]
0.04240266978740692,25334,1354,189818
5,[8,16,4,2,1]
0.042296819388866425,25337,1351,178611
5,[8,16,4,2,2]
0.0423457995057106,25335,1353,183427
5,[8,16,4,2,4]
0.04250885918736458,25337,1351,188455
5,[8,16,4,2,8]
0.04234030470252037,25335,1353,195517
5,[8,16,4,2,16]
0.04246547818183899,25336,1352,194575
5,[8,16,4,2,32]
0.25001975893974304,13344,13344,193048
5,[8,16,4,4,1]
0.04240819439291954,25337,1351,183734
5,[8,16,4,4,2]
0.25000983476638794,13344,13344,178931
5,[8,16,4,4,4]
0.0423489473760128,25335,1353,180085
5,[8,16,4,4,8]
0.04234536737203598,25336,1352,180448
5,[8,16,4,4,16]
0.250018835067749,13344,13344,181381
5,[8,16,4,4,32]
0.042327068746089935,25337,1351,194335
5,[8,16,4,8,1]
0.0424443855881691,25337,1351,180157
5,[8,16,4,8,2]
0.04247496277093887,25337,1351,180150
5,[8,16,4,8,4]
0.04230035841464996,25335,1353,182842
5,[8,16,4,8,8]
0.042348768562078476,25334,1354,185089
5,[8,16,4,8,16]
0.04217085242271423,25335,1353,190756
5,[8,16,4,8,32]
0.04225544258952141,25335,1353,203253
5,[8,16,4,16,1]
0.04245102405548096,25336,1352,183364
5,[8,16,4,16,2]
0.042298655956983566,25337,1351,185822
5,[8,16,4,16,4]
0.042307306081056595,25335,1353,187534
5,[8,16,4,16,8]
0.04233930632472038,25335,1353,191835
5,[8,16,4,16,16]
0.042185984551906586,25335,1353,199455
5,[8,16,4,16,32]
0.042312443256378174,25337,1351,214735
5,[8,16,4,32,1]
0.25000903010368347,13344,13344,193492
5,[8,16,4,32,2]
0.04243755713105202,25337,1351,195415
5,[8,16,4,32,4]
0.042296409606933594,25337,1351,199068
5,[8,16,4,32,8]
0.04229004681110382,25337,1351,203984
5,[8,16,4,32,16]
0.042194467037916183,25335,1353,215070
5,[8,16,4,32,32]
0.042258866131305695,25335,1353,239888
5,[8,16,8,1,1]
0.0423811599612236,25337,1351,180318
5,[8,16,8,1,2]
0.042328327894210815,25335,1353,183724
5,[8,16,8,1,4]
0.04232103377580643,25335,1353,203420
5,[8,16,8,1,8]
0.04237480089068413,25337,1351,198886
5,[8,16,8,1,16]
0.042305558919906616,25335,1353,196148
5,[8,16,8,1,32]
0.04230869188904762,25335,1353,199777
5,[8,16,8,2,1]
0.2500142455101013,13344,13344,182459
5,[8,16,8,2,2]
0.04249047115445137,25337,1351,178014
5,[8,16,8,2,4]
0.042240459471940994,25335,1353,176537
5,[8,16,8,2,8]
0.0423600859940052,25335,1353,179886
5,[8,16,8,2,16]
0.04228164255619049,25337,1351,185447
5,[8,16,8,2,32]
0.04223958030343056,25335,1353,193014
5,[8,16,8,4,1]
0.04233700782060623,25335,1353,179431
5,[8,16,8,4,2]
0.04230652377009392,25337,1351,178148
5,[8,16,8,4,4]
0.0423860140144825,25332,1356,179413
5,[8,16,8,4,8]
0.042191166430711746,25337,1351,182794
5,[8,16,8,4,16]
0.04226914048194885,25337,1351,188207
5,[8,16,8,4,32]
0.04218098148703575,25335,1353,198953
5,[8,16,8,8,1]
0.25001105666160583,13344,13344,179607
5,[8,16,8,8,2]
0.04239651933312416,25337,1351,182916
5,[8,16,8,8,4]
0.04220212250947952,25335,1353,188332
5,[8,16,8,8,8]
0.04231058061122894,25337,1351,195412
5,[8,16,8,8,16]
0.04253876954317093,25336,1352,211537
5,[8,16,8,8,32]
0.04223931208252907,25335,1353,214127
5,[8,16,8,16,1]
0.042352285236120224,25335,1353,188424
5,[8,16,8,16,2]
0.04216189309954643,25335,1353,194158
5,[8,16,8,16,4]
0.04245071858167648,25337,1351,203429
5,[8,16,8,16,8]
0.04225212708115578,25337,1351,198600
5,[8,16,8,16,16]
0.04228569194674492,25337,1351,206528
5,[8,16,8,16,32]
0.04217731952667236,25335,1353,219343
5,[8,16,8,32,1]
0.042419448494911194,25337,1351,205944
5,[8,16,8,32,2]
0.25000858306884766,13344,13344,202491
5,[8,16,8,32,4]
0.04220591112971306,25337,1351,207592
5,[8,16,8,32,8]
0.04219002276659012,25334,1354,212436
5,[8,16,8,32,16]
0.04214715212583542,25335,1353,226093
5,[8,16,8,32,32]
0.04218854755163193,25337,1351,247932
5,[8,16,16,1,1]
0.2500058710575104,13344,13344,187832
5,[8,16,16,1,2]
0.2499988079071045,13344,13344,186089
5,[8,16,16,1,4]
0.04240662604570389,25337,1351,190315
5,[8,16,16,1,8]
0.25000816583633423,13344,13344,192632
5,[8,16,16,1,16]
0.04252362251281738,25336,1352,195439
5,[8,16,16,1,32]
0.2500143349170685,13344,13344,207616
5,[8,16,16,2,1]
0.2500111162662506,13344,13344,204606
5,[8,16,16,2,2]
0.042368948459625244,25335,1353,186143
5,[8,16,16,2,4]
0.04242437332868576,25337,1351,187487
5,[8,16,16,2,8]
0.042359959334135056,25337,1351,188193
5,[8,16,16,2,16]
0.04235660657286644,25335,1353,192295
5,[8,16,16,2,32]
0.042374059557914734,25334,1354,200297
5,[8,16,16,4,1]
0.04246259853243828,25337,1351,186814
5,[8,16,16,4,2]
0.250016450881958,13344,13344,184715
5,[8,16,16,4,4]
0.0422385074198246,25337,1351,190793
5,[8,16,16,4,8]
0.042182985693216324,25335,1353,191881
5,[8,16,16,4,16]
0.04231749475002289,25337,1351,195125
5,[8,16,16,4,32]
0.04230830445885658,25337,1351,211900
5,[8,16,16,8,1]
0.25000452995300293,13344,13344,188191
5,[8,16,16,8,2]
0.2500109076499939,13344,13344,192556
5,[8,16,16,8,4]
0.0423211045563221,25337,1351,194725
5,[8,16,16,8,8]
0.042206212878227234,25335,1353,195988
5,[8,16,16,8,16]
0.04221467673778534,25335,1353,201716
5,[8,16,16,8,32]
0.042262185364961624,25337,1351,214241
5,[8,16,16,16,1]
0.2500098645687103,13344,13344,196256
5,[8,16,16,16,2]
0.042297717183828354,25337,1351,200726
5,[8,16,16,16,4]
0.042205534875392914,25335,1353,202518
5,[8,16,16,16,8]
0.04216012731194496,25335,1353,208910
5,[8,16,16,16,16]
0.04226813465356827,25337,1351,218043
5,[8,16,16,16,32]
0.04227336123585701,25337,1351,234944
5,[8,16,16,32,1]
0.042311426252126694,25337,1351,220264
5,[8,16,16,32,2]
0.04222765192389488,25335,1353,222970
5,[8,16,16,32,4]
0.04224969074130058,25337,1351,225548
5,[8,16,16,32,8]
0.04223918542265892,25337,1351,229625
5,[8,16,16,32,16]
0.042166512459516525,25337,1351,242321
5,[8,16,16,32,32]
0.04216300696134567,25335,1353,265357
5,[8,16,32,1,1]
0.25001630187034607,13344,13344,200702
5,[8,16,32,1,2]
0.04227956011891365,25337,1351,206409
5,[8,16,32,1,4]
0.04233100637793541,25335,1353,207942
5,[8,16,32,1,8]
0.04230865091085434,25335,1353,209838
5,[8,16,32,1,16]
0.25001564621925354,13344,13344,210810
5,[8,16,32,1,32]
0.042586226016283035,25336,1352,220585
5,[8,16,32,2,1]
0.042428500950336456,25337,1351,208486
5,[8,16,32,2,2]
0.2500155568122864,13344,13344,204785
5,[8,16,32,2,4]
0.04235965386033058,25337,1351,209273
5,[8,16,32,2,8]
0.2500078082084656,13344,13344,209331
5,[8,16,32,2,16]
0.04230058193206787,25337,1351,215211
5,[8,16,32,2,32]
0.04249580204486847,25337,1351,223763
5,[8,16,32,4,1]
0.2500188648700714,13344,13344,204290
5,[8,16,32,4,2]
0.04218238219618797,25335,1353,211666
5,[8,16,32,4,4]
0.042241282761096954,25337,1351,213786
5,[8,16,32,4,8]
0.04215778037905693,25335,1353,215751
5,[8,16,32,4,16]
0.042171403765678406,25335,1353,220070
5,[8,16,32,4,32]
0.042283669114112854,25337,1351,229135
5,[8,16,32,8,1]
0.2500191032886505,13344,13344,210426
5,[8,16,32,8,2]
0.042343199253082275,25337,1351,219286
5,[8,16,32,8,4]
0.042200420051813126,25335,1353,221287
5,[8,16,32,8,8]
0.04229474067687988,25337,1351,224662
5,[8,16,32,8,16]
0.042172230780124664,25337,1351,229011
5,[8,16,32,8,32]
0.04225822165608406,25337,1351,239943
5,[8,16,32,16,1]
0.042450644075870514,25336,1352,229818
5,[8,16,32,16,2]
0.04247400909662247,25336,1352,230679
5,[8,16,32,16,4]
0.042195335030555725,25335,1353,233670
5,[8,16,32,16,8]
0.04215674847364426,25335,1353,237880
5,[8,16,32,16,16]
0.04221673682332039,25335,1353,246299
5,[8,16,32,16,32]
0.04220090061426163,25337,1351,261706
5,[8,16,32,32,1]
0.2500188946723938,13344,13344,245360
5,[8,16,32,32,2]
0.2500156760215759,13344,13344,245955
5,[8,16,32,32,4]
0.042172763496637344,25335,1353,259035
5,[8,16,32,32,8]
0.04228587448596954,25337,1351,264363
5,[8,16,32,32,16]
0.04217912629246712,25335,1353,277558
5,[8,16,32,32,32]
0.04218235984444618,25335,1353,299339
5,[8,32,1,1,1]
0.2500201463699341,13344,13344,187472
5,[8,32,1,1,2]
0.2500135600566864,13344,13344,186266
5,[8,32,1,1,4]
0.2500125467777252,13344,13344,187391
5,[8,32,1,1,8]
0.25000765919685364,13344,13344,189261
5,[8,32,1,1,16]
0.25001469254493713,13344,13344,191021
5,[8,32,1,1,32]
0.04255068674683571,25337,1351,203276
5,[8,32,1,2,1]
0.2500098645687103,13344,13344,186465
5,[8,32,1,2,2]
0.25000494718551636,13344,13344,187413
5,[8,32,1,2,4]
0.25001049041748047,13344,13344,187948
5,[8,32,1,2,8]
0.04233412444591522,25335,1353,193207
5,[8,32,1,2,16]
0.25001391768455505,13344,13344,194785
5,[8,32,1,2,32]
0.04242714121937752,25337,1351,205693
5,[8,32,1,4,1]
0.25001445412635803,13344,13344,189525
5,[8,32,1,4,2]
0.2500154674053192,13344,13344,190147
5,[8,32,1,4,4]
0.04231434315443039,25332,1356,192976
5,[8,32,1,4,8]
0.25001776218414307,13344,13344,194244
5,[8,32,1,4,16]
0.04235825315117836,25337,1351,199380
5,[8,32,1,4,32]
0.04237033799290657,25335,1353,209267
5,[8,32,1,8,1]
0.2500113546848297,13344,13344,190794
5,[8,32,1,8,2]
0.2500150799751282,13344,13344,191105
5,[8,32,1,8,4]
0.0424373596906662,25335,1353,195621
5,[8,32,1,8,8]
0.2500119209289551,13344,13344,194209
5,[8,32,1,8,16]
0.04272489249706268,25337,1351,202454
5,[8,32,1,8,32]
0.04240381717681885,25332,1356,213959
5,[8,32,1,16,1]
0.25001344084739685,13344,13344,191510
5,[8,32,1,16,2]
0.2500094175338745,13344,13344,193893
5,[8,32,1,16,4]
0.25001323223114014,13344,13344,195908
5,[8,32,1,16,8]
0.04242665693163872,25335,1353,202139
5,[8,32,1,16,16]
0.04239845648407936,25335,1353,209241
5,[8,32,1,16,32]
0.042256493121385574,25335,1353,223201
5,[8,32,1,32,1]
0.042353466153144836,25335,1353,203597
5,[8,32,1,32,2]
0.2500149607658386,13344,13344,200370
5,[8,32,1,32,4]
0.2500159442424774,13344,13344,201479
5,[8,32,1,32,8]
0.04224015772342682,25335,1353,213103
5,[8,32,1,32,16]
0.04241277277469635,25335,1353,224106
5,[8,32,1,32,32]
0.042280443012714386,25335,1353,245893
5,[8,32,2,1,1]
0.2500147521495819,13344,13344,187840
5,[8,32,2,1,2]
0.25001636147499084,13344,13344,187874
5,[8,32,2,1,4]
0.25001755356788635,13344,13344,191950
5,[8,32,2,1,8]
0.2500171959400177,13344,13344,193031
5,[8,32,2,1,16]
0.042356643825769424,25335,1353,197021
5,[8,32,2,1,32]
0.04239548742771149,25337,1351,205849
5,[8,32,2,2,1]
0.042336300015449524,25335,1353,191137
5,[8,32,2,2,2]
0.04239451885223389,25337,1351,193175
5,[8,32,2,2,4]
0.250019907951355,13344,13344,189631
5,[8,32,2,2,8]
0.2500135004520416,13344,13344,191260
5,[8,32,2,2,16]
0.25001591444015503,13344,13344,197355
5,[8,32,2,2,32]
0.04245613515377045,25335,1353,206032
5,[8,32,2,4,1]
0.04245239868760109,25337,1351,210562
5,[8,32,2,4,2]
0.04245477169752121,25336,1352,210619
5,[8,32,2,4,4]
0.2500062882900238,13344,13344,209023
5,[8,32,2,4,8]
0.2500166893005371,13344,13344,219576
5,[8,32,2,4,16]
0.04243289679288864,25335,1353,227335
5,[8,32,2,4,32]
0.04226079210639,25337,1351,236740
5,[8,32,2,8,1]
0.25001248717308044,13344,13344,217901
5,[8,32,2,8,2]
0.250015527009964,13344,13344,219421
5,[8,32,2,8,4]
0.04239732772111893,25337,1351,224161
5,[8,32,2,8,8]
0.042296189814805984,25335,1353,225473
5,[8,32,2,8,16]
0.04224648326635361,25335,1353,230986
5,[8,32,2,8,32]
0.042288340628147125,25337,1351,241182
5,[8,32,2,16,1]
0.2500072717666626,13344,13344,221438
5,[8,32,2,16,2]
0.04230032488703728,25335,1353,225466
5,[8,32,2,16,4]
0.04238923266530037,25337,1351,228567
5,[8,32,2,16,8]
0.042490020394325256,25337,1351,231916
5,[8,32,2,16,16]
0.04218131676316261,25337,1351,239231
5,[8,32,2,16,32]
0.042427126318216324,25335,1353,254587
5,[8,32,2,32,1]
0.2500114142894745,13344,13344,231785
5,[8,32,2,32,2]
0.04244684800505638,25337,1351,233990
5,[8,32,2,32,4]
0.042349010705947876,25332,1356,237686
5,[8,32,2,32,8]
0.04229339212179184,25337,1351,242769
5,[8,32,2,32,16]
0.04230411723256111,25337,1351,254162
5,[8,32,2,32,32]
0.04221901297569275,25335,1353,279167
5,[8,32,4,1,1]
0.2500140964984894,13344,13344,217488
5,[8,32,4,1,2]
0.042355723679065704,25335,1353,203198
5,[8,32,4,1,4]
0.2500113248825073,13344,13344,200074
5,[8,32,4,1,8]
0.042476534843444824,25337,1351,204952
5,[8,32,4,1,16]
0.042293790727853775,25335,1353,207793
5,[8,32,4,1,32]
0.2500004768371582,13344,13344,210769
5,[8,32,4,2,1]
0.042396415024995804,25335,1353,202370
5,[8,32,4,2,2]
0.2500166594982147,13344,13344,201526
5,[8,32,4,2,4]
0.04248267412185669,25337,1351,203795
5,[8,32,4,2,8]
0.04221125319600105,25335,1353,204445
5,[8,32,4,2,16]
0.04216838628053665,25335,1353,208073
5,[8,32,4,2,32]
0.25001293420791626,13344,13344,214869
5,[8,32,4,4,1]
0.2500147521495819,13344,13344,201754
5,[8,32,4,4,2]
0.2500106990337372,13344,13344,201841
5,[8,32,4,4,4]
0.04218633100390434,25335,1353,204402
5,[8,32,4,4,8]
0.042395006865262985,25335,1353,207060
5,[8,32,4,4,16]
0.04222862422466278,25337,1351,210402
5,[8,32,4,4,32]
0.04229037091135979,25337,1351,218767
5,[8,32,4,8,1]
0.04234390705823898,25337,1351,205529
5,[8,32,4,8,2]
0.25000911951065063,13344,13344,204976
5,[8,32,4,8,4]
0.04234721139073372,25337,1351,208590
5,[8,32,4,8,8]
0.042320799082517624,25337,1351,209985
5,[8,32,4,8,16]
0.0421728752553463,25337,1351,214377
5,[8,32,4,8,32]
0.04228270798921585,25337,1351,224602
5,[8,32,4,16,1]
0.25000572204589844,13344,13344,205864
5,[8,32,4,16,2]
0.0423947274684906,25337,1351,210757
5,[8,32,4,16,4]
0.04234902933239937,25337,1351,211735
5,[8,32,4,16,8]
0.042399365454912186,25337,1351,215097
5,[8,32,4,16,16]
0.0421660840511322,25335,1353,222008
5,[8,32,4,16,32]
0.04226960241794586,25334,1354,236241
5,[8,32,4,32,1]
0.042329538613557816,25335,1353,217565
5,[8,32,4,32,2]
0.04223177209496498,25335,1353,219138
5,[8,32,4,32,4]
0.042187295854091644,25335,1353,221511
5,[8,32,4,32,8]
0.042310792952775955,25337,1351,226276
5,[8,32,4,32,16]
0.2500169277191162,13344,13344,235467
5,[8,32,4,32,32]
0.042212244123220444,25335,1353,259931
5,[8,32,8,1,1]
0.2500144839286804,13344,13344,203765
5,[8,32,8,1,2]
0.04249845817685127,25336,1352,206987
5,[8,32,8,1,4]
0.25001245737075806,13344,13344,204863
5,[8,32,8,1,8]
0.04246643930673599,25334,1354,208620
5,[8,32,8,1,16]
0.0423722118139267,25334,1354,211867
5,[8,32,8,1,32]
0.04233798012137413,25337,1351,221402
5,[8,32,8,2,1]
0.042297810316085815,25335,1353,208046
5,[8,32,8,2,2]
0.2500058710575104,13344,13344,211164
5,[8,32,8,2,4]
0.04224936664104462,25334,1354,215614
5,[8,32,8,2,8]
0.2500166594982147,13344,13344,212518
5,[8,32,8,2,16]
0.04218214377760887,25335,1353,220494
5,[8,32,8,2,32]
0.04242074117064476,25337,1351,228068
5,[8,32,8,4,1]
0.04241390526294708,25337,1351,215382
5,[8,32,8,4,2]
0.042179130017757416,25332,1356,216963
5,[8,32,8,4,4]
0.04223623871803284,25335,1353,217000
5,[8,32,8,4,8]
0.04228130355477333,25337,1351,220376
5,[8,32,8,4,16]
0.04220782592892647,25337,1351,222975
5,[8,32,8,4,32]
0.04218551144003868,25337,1351,231136
5,[8,32,8,8,1]
0.042313314974308014,25337,1351,217722
5,[8,32,8,8,2]
0.04237031564116478,25337,1351,218349
5,[8,32,8,8,4]
0.25001612305641174,13344,13344,219687
5,[8,32,8,8,8]
0.042196162045001984,25335,1353,222384
5,[8,32,8,8,16]
0.042402490973472595,25335,1353,227388
5,[8,32,8,8,32]
0.042176488786935806,25335,1353,237208
5,[8,32,8,16,1]
0.25001513957977295,13344,13344,218195
5,[8,32,8,16,2]
0.04226304963231087,25337,1351,224167
5,[8,32,8,16,4]
0.04216323420405388,25335,1353,225849
5,[8,32,8,16,8]
0.042211174964904785,25335,1353,229184
5,[8,32,8,16,16]
0.042228952050209045,25332,1356,235601
5,[8,32,8,16,32]
0.04366029426455498,25288,1400,249698
5,[8,32,8,32,1]
0.2500167787075043,13344,13344,228029
5,[8,32,8,32,2]
0.25001367926597595,13344,13344,228192
5,[8,32,8,32,4]
0.042219001799821854,25335,1353,236589
5,[8,32,8,32,8]
0.042288340628147125,25337,1351,242177
5,[8,32,8,32,16]
0.042193423956632614,25337,1351,254206
5,[8,32,8,32,32]
0.04226870834827423,25337,1351,275642
5,[8,32,16,1,1]
0.2500162124633789,13344,13344,219548
5,[8,32,16,1,2]
0.2500159442424774,13344,13344,222821
5,[8,32,16,1,4]
0.25001564621925354,13344,13344,220459
5,[8,32,16,1,8]
0.042348138988018036,25334,1354,226130
5,[8,32,16,1,16]
0.04233818128705025,25335,1353,228584
5,[8,32,16,1,32]
0.0423751138150692,25335,1353,237147
5,[8,32,16,2,1]
0.04233210161328316,25335,1353,224820
5,[8,32,16,2,2]
0.04231574386358261,25335,1353,226765
5,[8,32,16,2,4]
0.04241163656115532,25335,1353,226895
5,[8,32,16,2,8]
0.04228263348340988,25335,1353,227834
5,[8,32,16,2,16]
0.04230654612183571,25335,1353,234976
5,[8,32,16,2,32]
0.04238494113087654,25335,1353,239550
5,[8,32,16,4,1]
0.042376935482025146,25337,1351,228150
5,[8,32,16,4,2]
0.04237218573689461,25337,1351,228040
5,[8,32,16,4,4]
0.04217449575662613,25335,1353,229008
5,[8,32,16,4,8]
0.04235284775495529,25337,1351,230993
5,[8,32,16,4,16]
0.04224298894405365,25337,1351,235155
5,[8,32,16,4,32]
0.04232150688767433,25337,1351,244250
5,[8,32,16,8,1]
0.04242026060819626,25337,1351,229442
5,[8,32,16,8,2]
0.04248049855232239,25333,1355,230735
5,[8,32,16,8,4]
0.04217620566487312,25335,1353,232695
5,[8,32,16,8,8]
0.04231581464409828,25337,1351,235719
5,[8,32,16,8,16]
0.042160291224718094,25335,1353,240695
5,[8,32,16,8,32]
0.042172666639089584,25335,1353,250734
5,[8,32,16,16,1]
0.042357634752988815,25335,1353,237553
5,[8,32,16,16,2]
0.042167723178863525,25335,1353,239326
5,[8,32,16,16,4]
0.042300157248973846,25337,1351,241554
5,[8,32,16,16,8]
0.042192596942186356,25335,1353,245180
5,[8,32,16,16,16]
0.04217120632529259,25333,1355,251074
5,[8,32,16,16,32]
0.04219499230384827,25335,1353,265481
5,[8,32,16,32,1]
0.04237968102097511,25335,1353,252388
5,[8,32,16,32,2]
0.25001993775367737,13344,13344,251782
5,[8,32,16,32,4]
0.042302485555410385,25337,1351,256540
5,[8,32,16,32,8]
0.04228993505239487,25337,1351,262492
5,[8,32,16,32,16]
0.042196135967969894,25337,1351,273066
5,[8,32,16,32,32]
0.04216883331537247,25335,1353,293213
5,[8,32,32,1,1]
0.04250612482428551,25337,1351,245975
5,[8,32,32,1,2]
0.042355287820100784,25335,1353,246913
5,[8,32,32,1,4]
0.04230523109436035,25337,1351,247938
5,[8,32,32,1,8]
0.25001704692840576,13344,13344,246126
5,[8,32,32,1,16]
0.25001564621925354,13344,13344,244032
5,[8,32,32,1,32]
0.042403750121593475,25335,1353,257648
5,[8,32,32,2,1]
0.04230106994509697,25335,1353,246506
5,[8,32,32,2,2]
0.04238637164235115,25335,1353,247121
5,[8,32,32,2,4]
0.04243858531117439,25335,1353,247210
5,[8,32,32,2,8]
0.04235396906733513,25335,1353,250062
5,[8,32,32,2,16]
0.04220129922032356,25335,1353,254230
5,[8,32,32,2,32]
0.042446233332157135,25337,1351,261080
5,[8,32,32,4,1]
0.2500145137310028,13344,13344,227690
5,[8,32,32,4,2]
0.2500106394290924,13344,13344,227076
5,[8,32,32,4,4]
0.25001493096351624,13344,13344,215453
5,[8,32,32,4,8]
0.04216168075799942,25335,1353,213626
5,[8,32,32,4,16]
0.04224056005477905,25335,1353,216785
5,[8,32,32,4,32]
0.04228193312883377,25337,1351,222644
5,[8,32,32,8,1]
0.250012069940567,13344,13344,213417
5,[8,32,32,8,2]
0.04235782101750374,25337,1351,214727
5,[8,32,32,8,4]
0.04239887744188309,25335,1353,216827
5,[8,32,32,8,8]
0.04215647652745247,25335,1353,218483
5,[8,32,32,8,16]
0.042273011058568954,25337,1351,223215
5,[8,32,32,8,32]
0.04218557849526405,25011,1677,230877
5,[8,32,32,16,1]
0.25001558661460876,13344,13344,200788
5,[8,32,32,16,2]
0.04220861941576004,25335,1353,206353
5,[8,32,32,16,4]
0.042316026985645294,25335,1353,206750
5,[8,32,32,16,8]
0.042190779000520706,25337,1351,209351
5,[8,32,32,16,16]
0.042255714535713196,25337,1351,215555
5,[8,32,32,16,32]
0.04228841885924339,25337,1351,226438
5,[8,32,32,32,1]
0.04229548200964928,25335,1353,241733
5,[8,32,32,32,2]
0.2500135898590088,13344,13344,249425
5,[8,32,32,32,4]
0.0422753281891346,25337,1351,243669
5,[8,32,32,32,8]
0.04227854683995247,25337,1351,231686
5,[8,32,32,32,16]
0.04216507822275162,25335,1353,238395
5,[8,32,32,32,32]
0.04231379181146622,25337,1351,256185
