5,[32,1,1,1,1]
0.2500118315219879,13344,13344,135005
5,[32,1,1,1,2]
0.2500043213367462,13344,13344,134495
5,[32,1,1,1,4]
0.2499953657388687,13344,13344,119053
5,[32,1,1,1,8]
0.2500176727771759,13344,13344,150515
5,[32,1,1,1,16]
0.25001421570777893,13344,13344,126873
5,[32,1,1,1,32]
0.2500085234642029,13344,13344,128963
5,[32,1,1,2,1]
0.25001347064971924,13344,13344,138297
5,[32,1,1,2,2]
0.2500137984752655,13344,13344,139328
5,[32,1,1,2,4]
0.0425129197537899,25334,1354,145173
5,[32,1,1,2,8]
0.2500161826610565,13344,13344,144220
5,[32,1,1,2,16]
0.25001558661460876,13344,13344,151615
5,[32,1,1,2,32]
0.2500183582305908,13344,13344,160227
5,[32,1,1,4,1]
0.2500147223472595,13344,13344,148263
5,[32,1,1,4,2]
0.25001537799835205,13344,13344,147027
5,[32,1,1,4,4]
0.04253498092293739,25337,1351,150487
5,[32,1,1,4,8]
0.25001055002212524,13344,13344,153103
5,[32,1,1,4,16]
0.04238298535346985,25335,1353,162061
5,[32,1,1,4,32]
0.042277343571186066,25335,1353,174034
5,[32,1,1,8,1]
0.25001364946365356,13344,13344,151140
5,[32,1,1,8,2]
0.042413484305143356,25335,1353,154886
5,[32,1,1,8,4]
0.04252328723669052,25337,1351,159907
5,[32,1,1,8,8]
0.2500062584877014,13344,13344,153684
5,[32,1,1,8,16]
0.042444225400686264,25337,1351,152502
5,[32,1,1,8,32]
0.0424681231379509,25337,1351,166274
5,[32,1,1,16,1]
0.2500190734863281,13344,13344,141270
5,[32,1,1,16,2]
0.25001201033592224,13344,13344,145764
5,[32,1,1,16,4]
0.2500135004520416,13344,13344,144394
5,[32,1,1,16,8]
0.04245563969016075,25337,1351,152518
5,[32,1,1,16,16]
0.2500167787075043,13344,13344,155193
5,[32,1,1,16,32]
0.25000572204589844,13344,13344,171343
5,[32,1,1,32,1]
0.25001126527786255,13344,13344,151482
5,[32,1,1,32,2]
0.0425739586353302,25337,1351,155777
5,[32,1,1,32,4]
0.04237058758735657,25335,1353,159831
5,[32,1,1,32,8]
0.25001147389411926,13344,13344,161643
5,[32,1,1,32,16]
0.042543597519397736,25337,1351,177759
5,[32,1,1,32,32]
0.042406246066093445,25335,1353,204594
5,[32,1,2,1,1]
0.2500115931034088,13344,13344,140360
5,[32,1,2,1,2]
0.2500147521495819,13344,13344,142286
5,[32,1,2,1,4]
0.2500191628932953,13344,13344,141065
5,[32,1,2,1,8]
0.0424128882586956,25337,1351,146254
5,[32,1,2,1,16]
0.2500167191028595,13344,13344,145692
5,[32,1,2,1,32]
0.2500157654285431,13344,13344,152407
5,[32,1,2,2,1]
0.2500147521495819,13344,13344,139309
5,[32,1,2,2,2]
0.2500142455101013,13344,13344,141263
5,[32,1,2,2,4]
0.2500147521495819,13344,13344,144419
5,[32,1,2,2,8]
0.04234099015593529,25337,1351,150138
5,[32,1,2,2,16]
0.04247826710343361,25337,1351,156487
5,[32,1,2,2,32]
0.2500167787075043,13344,13344,159708
5,[32,1,2,4,1]
0.2500096261501312,13344,13344,150969
5,[32,1,2,4,2]
0.2500123977661133,13344,13344,153206
5,[32,1,2,4,4]
0.2500143051147461,13344,13344,151597
5,[32,1,2,4,8]
0.2500181794166565,13344,13344,152196
5,[32,1,2,4,16]
0.04236597940325737,25337,1351,148916
5,[32,1,2,4,32]
0.042320650070905685,25335,1353,157768
5,[32,1,2,8,1]
0.042583923786878586,25336,1352,147054
5,[32,1,2,8,2]
0.25001615285873413,13344,13344,144188
5,[32,1,2,8,4]
0.2500120997428894,13344,13344,148981
5,[32,1,2,8,8]
0.25001469254493713,13344,13344,149212
5,[32,1,2,8,16]
0.2500156760215759,13344,13344,151798
5,[32,1,2,8,32]
0.2500079870223999,13344,13344,161569
5,[32,1,2,16,1]
0.2500079572200775,13344,13344,147602
5,[32,1,2,16,2]
0.25001412630081177,13344,13344,149185
5,[32,1,2,16,4]
0.04252266138792038,25337,1351,153509
5,[32,1,2,16,8]
0.25000810623168945,13344,13344,154066
5,[32,1,2,16,16]
0.2500138580799103,13344,13344,161176
5,[32,1,2,16,32]
0.25001588463783264,13344,13344,175818
5,[32,1,2,32,1]
0.2500156760215759,13344,13344,158273
5,[32,1,2,32,2]
0.04232454672455788,25335,1353,167792
5,[32,1,2,32,4]
0.25000569224357605,13344,13344,167350
5,[32,1,2,32,8]
0.04249202087521553,25337,1351,174931
5,[32,1,2,32,16]
0.042389776557683945,25337,1351,184605
5,[32,1,2,32,32]
0.042363427579402924,25333,1355,211789
5,[32,1,4,1,1]
0.2500069737434387,13344,13344,145266
5,[32,1,4,1,2]
0.25001174211502075,13344,13344,146386
5,[32,1,4,1,4]
0.04245593026280403,25337,1351,148182
5,[32,1,4,1,8]
0.2500171363353729,13344,13344,147535
5,[32,1,4,1,16]
0.25001847743988037,13344,13344,149812
5,[32,1,4,1,32]
0.04241793230175972,25337,1351,161345
5,[32,1,4,2,1]
0.25000640749931335,13344,13344,146457
5,[32,1,4,2,2]
0.25001513957977295,13344,13344,147009
5,[32,1,4,2,4]
0.2500154972076416,13344,13344,147838
5,[32,1,4,2,8]
0.042463842779397964,25336,1352,152519
5,[32,1,4,2,16]
0.04233372211456299,25335,1353,157273
5,[32,1,4,2,32]
0.04547585919499397,25279,1409,167373
5,[32,1,4,4,1]
0.2500120997428894,13344,13344,150233
5,[32,1,4,4,2]
0.042362745851278305,25337,1351,152736
5,[32,1,4,4,4]
0.04238342121243477,25335,1353,153359
5,[32,1,4,4,8]
0.04240945726633072,25337,1351,156192
5,[32,1,4,4,16]
0.042378801852464676,25337,1351,162036
5,[32,1,4,4,32]
0.25001317262649536,13344,13344,164354
5,[32,1,4,8,1]
0.04252684861421585,25337,1351,153392
5,[32,1,4,8,2]
0.2500138580799103,13344,13344,152951
5,[32,1,4,8,4]
0.04238005355000496,25335,1353,157468
5,[32,1,4,8,8]
0.25000712275505066,13344,13344,154975
5,[32,1,4,8,16]
0.04232652485370636,25335,1353,172399
5,[32,1,4,8,32]
0.042325083166360855,25335,1353,183102
5,[32,1,4,16,1]
0.2500137686729431,13344,13344,162102
5,[32,1,4,16,2]
0.2500177025794983,13344,13344,162969
5,[32,1,4,16,4]
0.2500009834766388,13344,13344,181784
5,[32,1,4,16,8]
0.04232794791460037,25335,1353,183050
5,[32,1,4,16,16]
0.04235287383198738,25335,1353,189850
5,[32,1,4,16,32]
0.04252132773399353,25337,1351,206384
5,[32,1,4,32,1]
0.2500184178352356,13344,13344,180918
5,[32,1,4,32,2]
0.042364828288555145,25335,1353,186390
5,[32,1,4,32,4]
0.25001686811447144,13344,13344,181840
5,[32,1,4,32,8]
0.04235074669122696,25337,1351,189577
5,[32,1,4,32,16]
0.042307354509830475,25335,1353,199073
5,[32,1,4,32,32]
0.042366743087768555,25335,1353,224992
5,[32,1,8,1,1]
0.25001201033592224,13344,13344,155598
5,[32,1,8,1,2]
0.2500125467777252,13344,13344,153474
5,[32,1,8,1,4]
0.2500196099281311,13344,13344,153264
5,[32,1,8,1,8]
0.250016450881958,13344,13344,154169
5,[32,1,8,1,16]
0.2500189244747162,13344,13344,155377
5,[32,1,8,1,32]
0.2500137686729431,13344,13344,161875
5,[32,1,8,2,1]
0.2500101923942566,13344,13344,150007
5,[32,1,8,2,2]
0.25001007318496704,13344,13344,150053
5,[32,1,8,2,4]
0.04244326055049896,25337,1351,154017
5,[32,1,8,2,8]
0.04243653267621994,25337,1351,154987
5,[32,1,8,2,16]
0.04244917631149292,25337,1351,159015
5,[32,1,8,2,32]
0.25000688433647156,13344,13344,167177
5,[32,1,8,4,1]
0.04242062568664551,25337,1351,154050
5,[32,1,8,4,2]
0.04229972884058952,25335,1353,154879
5,[32,1,8,4,4]
0.042379215359687805,25335,1353,161161
5,[32,1,8,4,8]
0.042331188917160034,25337,1351,163861
5,[32,1,8,4,16]
0.04233936965465546,25335,1353,166708
5,[32,1,8,4,32]
0.04246887192130089,25336,1352,179851
5,[32,1,8,8,1]
0.042385030537843704,25335,1353,164374
5,[32,1,8,8,2]
0.25001516938209534,13344,13344,164740
5,[32,1,8,8,4]
0.25001290440559387,13344,13344,163595
5,[32,1,8,8,8]
0.04247759282588959,25337,1351,169782
5,[32,1,8,8,16]
0.04230579361319542,25335,1353,176542
5,[32,1,8,8,32]
0.042446818202733994,25337,1351,188322
5,[32,1,8,16,1]
0.2500114142894745,13344,13344,167166
5,[32,1,8,16,2]
0.25001850724220276,13344,13344,167201
5,[32,1,8,16,4]
0.25001534819602966,13344,13344,170973
5,[32,1,8,16,8]
0.04241179674863815,25337,1351,178407
5,[32,1,8,16,16]
0.04229073226451874,25335,1353,186888
5,[32,1,8,16,32]
0.042310938239097595,25337,1351,204330
5,[32,1,8,32,1]
0.2500085234642029,13344,13344,177174
5,[32,1,8,32,2]
0.2500045895576477,13344,13344,184054
5,[32,1,8,32,4]
0.042436305433511734,25337,1351,187780
5,[32,1,8,32,8]
0.04233446344733238,25335,1353,193657
5,[32,1,8,32,16]
0.2500048875808716,13344,13344,196567
5,[32,1,8,32,32]
0.042332712560892105,25335,1353,230383
5,[32,1,16,1,1]
0.2500135600566864,13344,13344,160243
5,[32,1,16,1,2]
0.2500147521495819,13344,13344,159168
5,[32,1,16,1,4]
0.2500210702419281,13344,13344,160324
5,[32,1,16,1,8]
0.25001800060272217,13344,13344,161617
5,[32,1,16,1,16]
0.25001364946365356,13344,13344,164941
5,[32,1,16,1,32]
0.04236544668674469,25335,1353,178598
5,[32,1,16,2,1]
0.2500027120113373,13344,13344,163278
5,[32,1,16,2,2]
0.0424569733440876,25337,1351,165635
5,[32,1,16,2,4]
0.04229802265763283,25335,1353,166841
5,[32,1,16,2,8]
0.042336221784353256,25337,1351,171725
5,[32,1,16,2,16]
0.04237489774823189,25335,1353,173636
5,[32,1,16,2,32]
0.2500082552433014,13344,13344,164285
5,[32,1,16,4,1]
0.25000762939453125,13344,13344,151249
5,[32,1,16,4,2]
0.04248319938778877,25337,1351,153271
5,[32,1,16,4,4]
0.042435888200998306,25333,1355,154416
5,[32,1,16,4,8]
0.04240013659000397,25335,1353,157250
5,[32,1,16,4,16]
0.042462244629859924,25335,1353,161105
5,[32,1,16,4,32]
0.04236938804388046,25335,1353,169298
5,[32,1,16,8,1]
0.25001418590545654,13344,13344,154663
5,[32,1,16,8,2]
0.25001418590545654,13344,13344,155971
5,[32,1,16,8,4]
0.2500101923942566,13344,13344,154695
5,[32,1,16,8,8]
0.04233222082257271,25335,1353,163151
5,[32,1,16,8,16]
0.042489223182201385,25337,1351,168670
5,[32,1,16,8,32]
0.25001445412635803,13344,13344,171781
5,[32,1,16,16,1]
0.2500125765800476,13344,13344,162438
5,[32,1,16,16,2]
0.042426809668540955,25337,1351,169018
5,[32,1,16,16,4]
0.2500067949295044,13344,13344,169311
5,[32,1,16,16,8]
0.04231752082705498,25335,1353,174738
5,[32,1,16,16,16]
0.25001174211502075,13344,13344,174797
5,[32,1,16,16,32]
0.04233425110578537,25335,1353,198304
5,[32,1,16,32,1]
0.25001075863838196,13344,13344,175032
5,[32,1,16,32,2]
0.04246973246335983,25337,1351,183276
5,[32,1,16,32,4]
0.2500147223472595,13344,13344,180122
5,[32,1,16,32,8]
0.04229788854718208,25335,1353,191038
5,[32,1,16,32,16]
0.04226970672607422,25337,1351,202841
5,[32,1,16,32,32]
0.04235568270087242,25335,1353,225461
5,[32,1,32,1,1]
0.2500144839286804,13344,13344,158564
5,[32,1,32,1,2]
0.2500104308128357,13344,13344,156097
5,[32,1,32,1,4]
0.25000977516174316,13344,13344,159480
5,[32,1,32,1,8]
0.2500179708003998,13344,13344,159405
5,[32,1,32,1,16]
0.04257044196128845,25337,1351,164877
5,[32,1,32,1,32]
0.04248645901679993,25337,1351,173040
5,[32,1,32,2,1]
0.25001394748687744,13344,13344,157460
5,[32,1,32,2,2]
0.2500118911266327,13344,13344,164936
5,[32,1,32,2,4]
0.25001826882362366,13344,13344,183833
5,[32,1,32,2,8]
0.2500174641609192,13344,13344,181479
5,[32,1,32,2,16]
0.04234375059604645,25335,1353,190684
5,[32,1,32,2,32]
0.2500072717666626,13344,13344,191887
5,[32,1,32,4,1]
0.2500131130218506,13344,13344,181627
5,[32,1,32,4,2]
0.04236023500561714,25333,1355,185623
5,[32,1,32,4,4]
0.0423455610871315,25335,1353,186704
5,[32,1,32,4,8]
0.2500094473361969,13344,13344,184327
5,[32,1,32,4,16]
0.0423927940428257,25337,1351,194099
5,[32,1,32,4,32]
0.04229246452450752,25335,1353,202248
5,[32,1,32,8,1]
0.04252114146947861,25332,1356,189291
5,[32,1,32,8,2]
0.2500123679637909,13344,13344,186327
5,[32,1,32,8,4]
0.0423494428396225,25337,1351,194223
5,[32,1,32,8,8]
0.04233729466795921,25337,1351,196255
5,[32,1,32,8,16]
0.04250740259885788,25337,1351,203262
5,[32,1,32,8,32]
0.04242361709475517,25337,1351,214820
5,[32,1,32,16,1]
0.04232129827141762,25335,1353,205073
5,[32,1,32,16,2]
0.2500082552433014,13344,13344,206801
5,[32,1,32,16,4]
0.2500079572200775,13344,13344,203519
5,[32,1,32,16,8]
0.042382240295410156,25337,1351,213822
5,[32,1,32,16,16]
0.04229240119457245,25337,1351,221545
5,[32,1,32,16,32]
0.04234101623296738,25337,1351,237430
5,[32,1,32,32,1]
0.042361099272966385,25337,1351,228328
5,[32,1,32,32,2]
0.2500073313713074,13344,13344,219141
5,[32,1,32,32,4]
0.2500206530094147,13344,13344,226161
5,[32,1,32,32,8]
0.04235834255814552,25335,1353,237924
5,[32,1,32,32,16]
0.2500132918357849,13344,13344,241254
5,[32,1,32,32,32]
0.04231743514537811,25337,1351,259544
5,[32,2,1,1,1]
0.2500131130218506,13344,13344,154067
5,[32,2,1,1,2]
0.2500135600566864,13344,13344,155315
5,[32,2,1,1,4]
0.2500181198120117,13344,13344,155046
5,[32,2,1,1,8]
0.25001615285873413,13344,13344,157034
5,[32,2,1,1,16]
0.25001028180122375,13344,13344,159462
5,[32,2,1,1,32]
0.0424358993768692,25337,1351,171369
5,[32,2,1,2,1]
0.2500109076499939,13344,13344,154033
5,[32,2,1,2,2]
0.2500118613243103,13344,13344,156417
5,[32,2,1,2,4]
0.25001028180122375,13344,13344,156753
5,[32,2,1,2,8]
0.0423162579536438,25335,1353,160996
5,[32,2,1,2,16]
0.25001105666160583,13344,13344,161088
5,[32,2,1,2,32]
0.042361192405223846,25335,1353,171342
5,[32,2,1,4,1]
0.25001540780067444,13344,13344,155782
5,[32,2,1,4,2]
0.2500171363353729,13344,13344,155894
5,[32,2,1,4,4]
0.042372800409793854,25337,1351,159556
5,[32,2,1,4,8]
0.042382676154375076,25335,1353,162314
5,[32,2,1,4,16]
0.04230984300374985,25335,1353,166922
5,[32,2,1,4,32]
0.042401134967803955,25335,1353,176589
5,[32,2,1,8,1]
0.2500162422657013,13344,13344,158287
5,[32,2,1,8,2]
0.04227308928966522,25337,1351,162260
5,[32,2,1,8,4]
0.2500135004520416,13344,13344,163655
5,[32,2,1,8,8]
0.2500160336494446,13344,13344,163535
5,[32,2,1,8,16]
0.042420465499162674,25337,1351,170971
5,[32,2,1,8,32]
0.2500145137310028,13344,13344,177622
5,[32,2,1,16,1]
0.2500148415565491,13344,13344,163948
5,[32,2,1,16,2]
0.25001829862594604,13344,13344,162875
5,[32,2,1,16,4]
0.2500123977661133,13344,13344,164757
5,[32,2,1,16,8]
0.2500084638595581,13344,13344,166051
5,[32,2,1,16,16]
0.2500120997428894,13344,13344,171091
5,[32,2,1,16,32]
0.04238373786211014,25337,1351,191156
5,[32,2,1,32,1]
0.04241933301091194,25337,1351,170353
5,[32,2,1,32,2]
0.0424717515707016,25337,1351,171950
5,[32,2,1,32,4]
0.25001129508018494,13344,13344,170066
5,[32,2,1,32,8]
0.042350996285676956,25335,1353,180509
5,[32,2,1,32,16]
0.2500187158584595,13344,13344,184107
5,[32,2,1,32,32]
0.2500098943710327,13344,13344,205595
5,[32,2,2,1,1]
0.25001364946365356,13344,13344,153932
5,[32,2,2,1,2]
0.25001177191734314,13344,13344,156628
5,[32,2,2,1,4]
0.2500170171260834,13344,13344,154200
5,[32,2,2,1,8]
0.2500109076499939,13344,13344,156380
5,[32,2,2,1,16]
0.2500138580799103,13344,13344,159439
5,[32,2,2,1,32]
0.2500074803829193,13344,13344,166076
5,[32,2,2,2,1]
0.25000831484794617,13344,13344,153314
5,[32,2,2,2,2]
0.25001591444015503,13344,13344,154424
5,[32,2,2,2,4]
0.042485833168029785,25337,1351,156976
5,[32,2,2,2,8]
0.0422961600124836,25335,1353,160096
5,[32,2,2,2,16]
0.04243026301264763,25337,1351,163030
5,[32,2,2,2,32]
0.25001615285873413,13344,13344,167584
5,[32,2,2,4,1]
0.2500113844871521,13344,13344,154901
5,[32,2,2,4,2]
0.042506713420152664,25337,1351,158280
5,[32,2,2,4,4]
0.042368605732917786,25337,1351,174022
5,[32,2,2,4,8]
0.04237678647041321,25332,1356,175019
5,[32,2,2,4,16]
0.250016987323761,13344,13344,175973
5,[32,2,2,4,32]
0.25001609325408936,13344,13344,187825
5,[32,2,2,8,1]
0.0423806831240654,25337,1351,172075
5,[32,2,2,8,2]
0.04232247918844223,25335,1353,173262
5,[32,2,2,8,4]
0.2500074505805969,13344,13344,174422
5,[32,2,2,8,8]
0.04248799756169319,25337,1351,178231
5,[32,2,2,8,16]
0.04238293692469597,25335,1353,183365
5,[32,2,2,8,32]
0.04229426383972168,25335,1353,193996
5,[32,2,2,16,1]
0.25002098083496094,13344,13344,176168
5,[32,2,2,16,2]
0.2500151991844177,13344,13344,177535
5,[32,2,2,16,4]
0.04234468191862106,25337,1351,179812
5,[32,2,2,16,8]
0.042386092245578766,25334,1354,183479
5,[32,2,2,16,16]
0.25001928210258484,13344,13344,186077
5,[32,2,2,16,32]
0.042395222932100296,25335,1353,205149
5,[32,2,2,32,1]
0.25001609325408936,13344,13344,180955
5,[32,2,2,32,2]
0.25000354647636414,13344,13344,181564
5,[32,2,2,32,4]
0.042410820722579956,25337,1351,189709
5,[32,2,2,32,8]
0.04232616722583771,25337,1351,194367
5,[32,2,2,32,16]
0.2500064969062805,13344,13344,201992
5,[32,2,2,32,32]
0.04242979735136032,25337,1351,226926
5,[32,2,4,1,1]
0.2500065565109253,13344,13344,168547
5,[32,2,4,1,2]
0.25001105666160583,13344,13344,169582
5,[32,2,4,1,4]
0.25001171231269836,13344,13344,169839
5,[32,2,4,1,8]
0.2500154972076416,13344,13344,171251
5,[32,2,4,1,16]
0.2500177323818207,13344,13344,173569
5,[32,2,4,1,32]
0.2500123083591461,13344,13344,180663
5,[32,2,4,2,1]
0.25001582503318787,13344,13344,169329
5,[32,2,4,2,2]
0.25001266598701477,13344,13344,168297
5,[32,2,4,2,4]
0.2500098943710327,13344,13344,169830
5,[32,2,4,2,8]
0.042264215648174286,25337,1351,174113
5,[32,2,4,2,16]
0.04238739237189293,25335,1353,178722
5,[32,2,4,2,32]
0.04239220917224884,25337,1351,186240
5,[32,2,4,4,1]
0.04239371046423912,25337,1351,171593
5,[32,2,4,4,2]
0.25001323223114014,13344,13344,170317
5,[32,2,4,4,4]
0.04235433042049408,25337,1351,173672
5,[32,2,4,4,8]
0.2500137686729431,13344,13344,175565
5,[32,2,4,4,16]
0.04222972318530083,25335,1353,180312
5,[32,2,4,4,32]
0.04239320009946823,25335,1353,188681
5,[32,2,4,8,1]
0.04242444410920143,25337,1351,174968
5,[32,2,4,8,2]
0.042388904839754105,25337,1351,175959
5,[32,2,4,8,4]
0.2500111758708954,13344,13344,175276
5,[32,2,4,8,8]
0.04241781681776047,25337,1351,180006
5,[32,2,4,8,16]
0.042529575526714325,25337,1351,184408
5,[32,2,4,8,32]
0.042582012712955475,25337,1351,196233
5,[32,2,4,16,1]
0.04232878237962723,25335,1353,178567
5,[32,2,4,16,2]
0.25001344084739685,13344,13344,177425
5,[32,2,4,16,4]
0.042369067668914795,25335,1353,181873
5,[32,2,4,16,8]
0.042398858815431595,25335,1353,185728
5,[32,2,4,16,16]
0.042217325419187546,25335,1353,193612
5,[32,2,4,16,32]
0.04228249192237854,25337,1351,208197
5,[32,2,4,32,1]
0.2500101327896118,13344,13344,183760
5,[32,2,4,32,2]
0.2500113546848297,13344,13344,185499
5,[32,2,4,32,4]
0.0425814725458622,25337,1351,191278
5,[32,2,4,32,8]
0.042276110500097275,25337,1351,198040
5,[32,2,4,32,16]
0.04228610172867775,25335,1353,208000
5,[32,2,4,32,32]
0.04250115901231766,25337,1351,230795
5,[32,2,8,1,1]
0.25001615285873413,13344,13344,170601
5,[32,2,8,1,2]
0.25001636147499084,13344,13344,170665
5,[32,2,8,1,4]
0.04232006147503853,25335,1353,175074
5,[32,2,8,1,8]
0.04233288764953613,25334,1354,175131
5,[32,2,8,1,16]
0.04240477457642555,25335,1353,178129
5,[32,2,8,1,32]
0.2500170171260834,13344,13344,181907
5,[32,2,8,2,1]
0.250016450881958,13344,13344,173656
5,[32,2,8,2,2]
0.2500123679637909,13344,13344,170901
5,[32,2,8,2,4]
0.04240968078374863,25337,1351,174206
5,[32,2,8,2,8]
0.04229656606912613,25335,1353,175445
5,[32,2,8,2,16]
0.04233661666512489,25337,1351,180134
5,[32,2,8,2,32]
0.2500142455101013,13344,13344,186759
5,[32,2,8,4,1]
0.2500147521495819,13344,13344,173107
5,[32,2,8,4,2]
0.04250752925872803,25337,1351,175822
5,[32,2,8,4,4]
0.04232444986701012,25335,1353,176267
5,[32,2,8,4,8]
0.04223054647445679,25335,1353,181958
5,[32,2,8,4,16]
0.25001290440559387,13344,13344,180161
5,[32,2,8,4,32]
0.04219702631235123,25335,1353,192953
5,[32,2,8,8,1]
0.042336590588092804,25337,1351,177319
5,[32,2,8,8,2]
0.04232189804315567,25337,1351,178579
5,[32,2,8,8,4]
0.04249304160475731,25337,1351,180059
5,[32,2,8,8,8]
0.042276643216609955,25335,1353,182574
5,[32,2,8,8,16]
0.04227293282747269,25337,1351,188229
5,[32,2,8,8,32]
0.04230230301618576,25335,1353,198315
5,[32,2,8,16,1]
0.25001299381256104,13344,13344,179285
5,[32,2,8,16,2]
0.042295850813388824,25337,1351,184646
5,[32,2,8,16,4]
0.042318351566791534,25335,1353,186601
5,[32,2,8,16,8]
0.04232916608452797,25337,1351,189571
5,[32,2,8,16,16]
0.042265474796295166,25337,1351,196270
5,[32,2,8,16,32]
0.042294684797525406,25335,1353,211232
5,[32,2,8,32,1]
0.04234600439667702,25335,1353,195305
5,[32,2,8,32,2]
0.04247352108359337,25335,1353,195989
5,[32,2,8,32,4]
0.042310263961553574,25337,1351,199049
5,[32,2,8,32,8]
0.04228595644235611,25335,1353,204243
5,[32,2,8,32,16]
0.042307619005441666,25337,1351,215573
5,[32,2,8,32,32]
0.042370978742837906,25337,1351,240085
5,[32,2,16,1,1]
0.25001832842826843,13344,13344,175657
5,[32,2,16,1,2]
0.25001347064971924,13344,13344,177859
5,[32,2,16,1,4]
0.25001633167266846,13344,13344,175821
5,[32,2,16,1,8]
0.2500140368938446,13344,13344,177183
5,[32,2,16,1,16]
0.04232198745012283,25335,1353,183621
5,[32,2,16,1,32]
0.04251083359122276,25337,1351,191572
5,[32,2,16,2,1]
0.042364634573459625,25337,1351,179195
5,[32,2,16,2,2]
0.25001490116119385,13344,13344,176671
5,[32,2,16,2,4]
0.042326707392930984,25337,1351,180733
5,[32,2,16,2,8]
0.2500028908252716,13344,13344,182627
5,[32,2,16,2,16]
0.24998639523983002,13344,13344,181907
5,[32,2,16,2,32]
0.042477428913116455,25337,1351,195046
5,[32,2,16,4,1]
0.042260389775037766,25337,1351,182030
5,[32,2,16,4,2]
0.04249356687068939,25337,1351,182299
5,[32,2,16,4,4]
0.04242238402366638,25337,1351,183124
5,[32,2,16,4,8]
0.042187731713056564,25333,1355,185599
5,[32,2,16,4,16]
0.042292166501283646,25337,1351,189625
5,[32,2,16,4,32]
0.04233844205737114,25335,1353,198630
5,[32,2,16,8,1]
0.2500164210796356,13344,13344,182806
5,[32,2,16,8,2]
0.04240895435214043,25337,1351,185882
5,[32,2,16,8,4]
0.04246976599097252,25337,1351,187403
5,[32,2,16,8,8]
0.04230969399213791,25337,1351,189975
5,[32,2,16,8,16]
0.04230383411049843,25337,1351,195895
5,[32,2,16,8,32]
0.04228135198354721,25335,1353,206267
5,[32,2,16,16,1]
0.2500045895576477,13344,13344,187254
5,[32,2,16,16,2]
0.25001880526542664,13344,13344,189416
5,[32,2,16,16,4]
0.042360756546258926,25337,1351,195367
5,[32,2,16,16,8]
0.04233549162745476,25337,1351,198833
5,[32,2,16,16,16]
0.04225841909646988,25335,1353,205602
5,[32,2,16,16,32]
0.042228370904922485,25337,1351,220854
5,[32,2,16,32,1]
0.25001460313796997,13344,13344,199845
5,[32,2,16,32,2]
0.0422290563583374,25335,1353,207787
5,[32,2,16,32,4]
0.04232597351074219,25337,1351,210969
5,[32,2,16,32,8]
0.04219099134206772,25335,1353,216649
5,[32,2,16,32,16]
0.04219859838485718,25333,1355,227652
5,[32,2,16,32,32]
0.042304787784814835,25335,1353,250800
5,[32,2,32,1,1]
0.04242067411541939,25337,1351,186370
5,[32,2,32,1,2]
0.25001874566078186,13344,13344,183019
5,[32,2,32,1,4]
0.2500019967556,13344,13344,186203
5,[32,2,32,1,8]
0.04248182475566864,25337,1351,189833
5,[32,2,32,1,16]
0.25000134110450745,13344,13344,188370
5,[32,2,32,1,32]
0.2500174045562744,13344,13344,194361
5,[32,2,32,2,1]
0.042340364307165146,25337,1351,188975
5,[32,2,32,2,2]
0.2500094473361969,13344,13344,188274
5,[32,2,32,2,4]
0.042321138083934784,25337,1351,190672
5,[32,2,32,2,8]
0.0423770546913147,25337,1351,192477
5,[32,2,32,2,16]
0.04235110431909561,25335,1353,197685
5,[32,2,32,2,32]
0.2500170171260834,13344,13344,203237
5,[32,2,32,4,1]
0.2500143349170685,13344,13344,187400
5,[32,2,32,4,2]
0.04239368811249733,25337,1351,192046
5,[32,2,32,4,4]
0.04232879355549812,25337,1351,194456
5,[32,2,32,4,8]
0.042311910539865494,25337,1351,196326
5,[32,2,32,4,16]
0.0423119030892849,25335,1353,199740
5,[32,2,32,4,32]
0.04219946637749672,25335,1353,208788
5,[32,2,32,8,1]
0.25000977516174316,13344,13344,191647
5,[32,2,32,8,2]
0.2500160336494446,13344,13344,197449
5,[32,2,32,8,4]
0.04245152324438095,25337,1351,200548
5,[32,2,32,8,8]
0.25001147389411926,13344,13344,201841
5,[32,2,32,8,16]
0.04237522929906845,25333,1355,209241
5,[32,2,32,8,32]
0.042264390736818314,25335,1353,219283
5,[32,2,32,16,1]
0.04238221049308777,25337,1351,211146
5,[32,2,32,16,2]
0.04239659756422043,25335,1353,215745
5,[32,2,32,16,4]
0.042316798120737076,25335,1353,218600
5,[32,2,32,16,8]
0.042417075484991074,25337,1351,222397
5,[32,2,32,16,16]
0.042227376252412796,25335,1353,228775
5,[32,2,32,16,32]
0.042207423597574234,25335,1353,243213
5,[32,2,32,32,1]
0.2500084340572357,13344,13344,229273
5,[32,2,32,32,2]
0.042356666177511215,25337,1351,233672
5,[32,2,32,32,4]
0.04234855994582176,25335,1353,232067
5,[32,2,32,32,8]
0.04230111092329025,25337,1351,231942
5,[32,2,32,32,16]
0.042274873703718185,25335,1353,241026
5,[32,2,32,32,32]
0.04228256642818451,25335,1353,263050
5,[32,4,1,1,1]
0.2500099837779999,13344,13344,158020
5,[32,4,1,1,2]
0.25001323223114014,13344,13344,158544
5,[32,4,1,1,4]
0.042353905737400055,25335,1353,161198
5,[32,4,1,1,8]
0.2500104606151581,13344,13344,163292
5,[32,4,1,1,16]
0.2500150203704834,13344,13344,165603
5,[32,4,1,1,32]
0.25001096725463867,13344,13344,170079
5,[32,4,1,2,1]
0.2500157654285431,13344,13344,158199
5,[32,4,1,2,2]
0.2500188648700714,13344,13344,159635
5,[32,4,1,2,4]
0.25001654028892517,13344,13344,161741
5,[32,4,1,2,8]
0.042409610003232956,25335,1353,164597
5,[32,4,1,2,16]
0.25001364946365356,13344,13344,165686
5,[32,4,1,2,32]
0.04242466390132904,25335,1353,176390
5,[32,4,1,4,1]
0.25000685453414917,13344,13344,159537
5,[32,4,1,4,2]
0.250011682510376,13344,13344,162397
5,[32,4,1,4,4]
0.04233381897211075,25337,1351,166326
5,[32,4,1,4,8]
0.04255316033959389,25337,1351,170661
5,[32,4,1,4,16]
0.04249407351016998,25337,1351,174429
5,[32,4,1,4,32]
0.25001105666160583,13344,13344,184492
5,[32,4,1,8,1]
0.2500164210796356,13344,13344,166427
5,[32,4,1,8,2]
0.042396992444992065,25333,1355,168846
5,[32,4,1,8,4]
0.042453356087207794,25337,1351,170855
5,[32,4,1,8,8]
0.25001060962677,13344,13344,169370
5,[32,4,1,8,16]
0.04235877841711044,25335,1353,178134
5,[32,4,1,8,32]
0.04236879572272301,25337,1351,188576
5,[32,4,1,16,1]
0.25002235174179077,13344,13344,166769
5,[32,4,1,16,2]
0.25001347064971924,13344,13344,170799
5,[32,4,1,16,4]
0.04252127557992935,25337,1351,173787
5,[32,4,1,16,8]
0.04239862039685249,25335,1353,177797
5,[32,4,1,16,16]
0.042471639811992645,25337,1351,185299
5,[32,4,1,16,32]
0.04240595921874046,25337,1351,199703
5,[32,4,1,32,1]
0.25001081824302673,13344,13344,177112
5,[32,4,1,32,2]
0.04248524829745293,25335,1353,181528
5,[32,4,1,32,4]
0.042506713420152664,25337,1351,185031
5,[32,4,1,32,8]
0.04236101731657982,25335,1353,190456
5,[32,4,1,32,16]
0.04245775192975998,25337,1351,201371
5,[32,4,1,32,32]
0.04232189059257507,25333,1355,224009
5,[32,4,2,1,1]
0.2500087320804596,13344,13344,165175
5,[32,4,2,1,2]
0.250019907951355,13344,13344,164903
5,[32,4,2,1,4]
0.04239848256111145,25335,1353,166379
5,[32,4,2,1,8]
0.04239588603377342,25335,1353,165979
5,[32,4,2,1,16]
0.042388010770082474,25337,1351,170003
5,[32,4,2,1,32]
0.2500081956386566,13344,13344,173655
5,[32,4,2,2,1]
0.25001060962677,13344,13344,167157
5,[32,4,2,2,2]
0.04232710972428322,25335,1353,178212
5,[32,4,2,2,4]
0.2500150501728058,13344,13344,169806
5,[32,4,2,2,8]
0.04250311851501465,25337,1351,173185
5,[32,4,2,2,16]
0.2500121593475342,13344,13344,178015
5,[32,4,2,2,32]
0.04227950796484947,25337,1351,201533
5,[32,4,2,4,1]
0.2500137686729431,13344,13344,172733
5,[32,4,2,4,2]
0.04233885556459427,25337,1351,175631
5,[32,4,2,4,4]
0.042443785816431046,25337,1351,180624
5,[32,4,2,4,8]
0.042368579655885696,25337,1351,185150
5,[32,4,2,4,16]
0.042295631021261215,25337,1351,186776
5,[32,4,2,4,32]
0.04226968437433243,25337,1351,188940
5,[32,4,2,8,1]
0.250016987323761,13344,13344,170583
5,[32,4,2,8,2]
0.25001320242881775,13344,13344,172902
5,[32,4,2,8,4]
0.04235678166151047,25337,1351,172883
5,[32,4,2,8,8]
0.04229090362787247,25337,1351,182249
5,[32,4,2,8,16]
0.04241721332073212,25337,1351,184737
5,[32,4,2,8,32]
0.04229039326310158,25335,1353,202523
5,[32,4,2,16,1]
0.042382895946502686,25337,1351,177087
5,[32,4,2,16,2]
0.25001466274261475,13344,13344,177383
5,[32,4,2,16,4]
0.042378708720207214,25335,1353,189909
5,[32,4,2,16,8]
0.2500128746032715,13344,13344,179319
5,[32,4,2,16,16]
0.04246319830417633,25337,1351,193116
5,[32,4,2,16,32]
0.04225107282400131,25333,1355,214246
5,[32,4,2,32,1]
0.2500147819519043,13344,13344,190480
5,[32,4,2,32,2]
0.04242663457989693,25337,1351,194265
5,[32,4,2,32,4]
0.042267803102731705,25334,1354,191285
5,[32,4,2,32,8]
0.04262808337807655,25337,1351,200987
5,[32,4,2,32,16]
0.042320992797613144,25335,1353,212851
5,[32,4,2,32,32]
0.04233365133404732,25335,1353,236931
5,[32,4,4,1,1]
0.2500153183937073,13344,13344,172361
5,[32,4,4,1,2]
0.25001442432403564,13344,13344,172254
5,[32,4,4,1,4]
0.25000354647636414,13344,13344,172332
5,[32,4,4,1,8]
0.2500148415565491,13344,13344,174695
5,[32,4,4,1,16]
0.2500031292438507,13344,13344,177423
5,[32,4,4,1,32]
0.042366888374090195,25335,1353,189111
5,[32,4,4,2,1]
0.04246978461742401,25337,1351,175795
5,[32,4,4,2,2]
0.2500138580799103,13344,13344,173002
5,[32,4,4,2,4]
0.042308807373046875,25335,1353,176790
5,[32,4,4,2,8]
0.04230909422039986,25337,1351,177372
5,[32,4,4,2,16]
0.2500145733356476,13344,13344,181747
5,[32,4,4,2,32]
0.04222969710826874,25335,1353,189026
5,[32,4,4,4,1]
0.04238694906234741,25335,1353,190169
5,[32,4,4,4,2]
0.04229632019996643,25335,1353,176053
5,[32,4,4,4,4]
0.04232523962855339,25335,1353,175786
5,[32,4,4,4,8]
0.042387597262859344,25337,1351,180520
5,[32,4,4,4,16]
0.04223419725894928,25335,1353,182097
5,[32,4,4,4,32]
0.04234228655695915,25335,1353,189908
5,[32,4,4,8,1]
0.25001224875450134,13344,13344,175283
5,[32,4,4,8,2]
0.042342815548181534,25335,1353,177686
5,[32,4,4,8,4]
0.042280200868844986,25337,1351,182403
5,[32,4,4,8,8]
0.2500145435333252,13344,13344,178519
5,[32,4,4,8,16]
0.0423043817281723,25335,1353,186309
5,[32,4,4,8,32]
0.04226017743349075,25337,1351,199489
5,[32,4,4,16,1]
0.25001442432403564,13344,13344,177389
5,[32,4,4,16,2]
0.04234572499990463,25334,1354,184607
5,[32,4,4,16,4]
0.042306676506996155,25337,1351,182574
5,[32,4,4,16,8]
0.04221942648291588,25335,1353,187613
5,[32,4,4,16,16]
0.0421476885676384,25335,1353,194312
5,[32,4,4,16,32]
0.042243413627147675,25337,1351,210247
5,[32,4,4,32,1]
0.042322345077991486,25337,1351,185490
5,[32,4,4,32,2]
0.042458195239305496,25337,1351,185698
5,[32,4,4,32,4]
0.04234134033322334,25337,1351,189055
5,[32,4,4,32,8]
0.2500130236148834,13344,13344,198302
5,[32,4,4,32,16]
0.2500126361846924,13344,13344,203155
5,[32,4,4,32,32]
0.04231394827365875,25335,1353,243919
5,[32,4,8,1,1]
0.04229583963751793,25337,1351,177283
5,[32,4,8,1,2]
0.04233243688941002,25335,1353,179959
5,[32,4,8,1,4]
0.04236898198723793,25335,1353,178641
5,[32,4,8,1,8]
0.04238048568367958,25335,1353,178310
5,[32,4,8,1,16]
0.2500087022781372,13344,13344,177449
5,[32,4,8,1,32]
0.2500166594982147,13344,13344,182059
5,[32,4,8,2,1]
0.04239959269762039,25337,1351,170454
5,[32,4,8,2,2]
0.04237169399857521,25337,1351,171158
5,[32,4,8,2,4]
0.042470782995224,25337,1351,174187
5,[32,4,8,2,8]
0.042401451617479324,25337,1351,182582
5,[32,4,8,2,16]
0.04233432933688164,25335,1353,186296
5,[32,4,8,2,32]
0.042245812714099884,25337,1351,191149
5,[32,4,8,4,1]
0.04230843856930733,25335,1353,175583
5,[32,4,8,4,2]
0.04233964905142784,25335,1353,187208
5,[32,4,8,4,4]
0.04229675605893135,25337,1351,186856
5,[32,4,8,4,8]
0.04232392460107803,25335,1353,188622
5,[32,4,8,4,16]
0.042260054498910904,25334,1354,192612
5,[32,4,8,4,32]
0.042320672422647476,25335,1353,202014
5,[32,4,8,8,1]
0.25001612305641174,13344,13344,184136
5,[32,4,8,8,2]
0.042366981506347656,25337,1351,187912
5,[32,4,8,8,4]
0.0423063188791275,25335,1353,194879
5,[32,4,8,8,8]
0.042274702340364456,25332,1356,197357
5,[32,4,8,8,16]
0.04218512400984764,25335,1353,202275
5,[32,4,8,8,32]
0.042180366814136505,25337,1351,213662
5,[32,4,8,16,1]
0.04235517978668213,25337,1351,196903
5,[32,4,8,16,2]
0.04229861497879028,25335,1353,200154
5,[32,4,8,16,4]
0.04225696995854378,25335,1353,194879
5,[32,4,8,16,8]
0.04220704361796379,25333,1355,198733
5,[32,4,8,16,16]
0.04219762235879898,25335,1353,207144
5,[32,4,8,16,32]
0.25001293420791626,13344,13344,217572
5,[32,4,8,32,1]
0.25001969933509827,13344,13344,201488
5,[32,4,8,32,2]
0.042302023619413376,25335,1353,205022
5,[32,4,8,32,4]
0.04233038052916527,25335,1353,213315
5,[32,4,8,32,8]
0.04218428209424019,25335,1353,226705
5,[32,4,8,32,16]
0.04221608489751816,25337,1351,233698
5,[32,4,8,32,32]
0.04219473525881767,25335,1353,253220
5,[32,4,16,1,1]
0.25001806020736694,13344,13344,189253
5,[32,4,16,1,2]
0.250016450881958,13344,13344,189943
5,[32,4,16,1,4]
0.2500167787075043,13344,13344,191973
5,[32,4,16,1,8]
0.25001779198646545,13344,13344,193759
5,[32,4,16,1,16]
0.04250800609588623,25337,1351,201346
5,[32,4,16,1,32]
0.2500096559524536,13344,13344,206333
5,[32,4,16,2,1]
0.25001633167266846,13344,13344,190567
5,[32,4,16,2,2]
0.0423751175403595,25337,1351,194270
5,[32,4,16,2,4]
0.0422385148704052,25335,1353,201313
5,[32,4,16,2,8]
0.04236395284533501,25337,1351,201270
5,[32,4,16,2,16]
0.042194660753011703,25335,1353,204509
5,[32,4,16,2,32]
0.2500176429748535,13344,13344,205743
5,[32,4,16,4,1]
0.042326100170612335,25335,1353,195930
5,[32,4,16,4,2]
0.04230828583240509,25335,1353,194004
5,[32,4,16,4,4]
0.04221479967236519,25335,1353,191507
5,[32,4,16,4,8]
0.04233759641647339,25337,1351,194231
5,[32,4,16,4,16]
0.04226735979318619,25334,1354,197802
5,[32,4,16,4,32]
0.04222133383154869,25337,1351,207161
5,[32,4,16,8,1]
0.25001272559165955,13344,13344,192856
5,[32,4,16,8,2]
0.042326346039772034,25337,1351,195253
5,[32,4,16,8,4]
0.04219789803028107,25337,1351,196386
5,[32,4,16,8,8]
0.04217711091041565,25337,1351,199186
5,[32,4,16,8,16]
0.04216964542865753,25335,1353,206937
5,[32,4,16,8,32]
0.04222497716546059,25337,1351,218989
5,[32,4,16,16,1]
0.04234630614519119,25337,1351,205955
5,[32,4,16,16,2]
0.2500118017196655,13344,13344,206213
5,[32,4,16,16,4]
0.042221538722515106,25335,1353,208985
5,[32,4,16,16,8]
0.04222652688622475,25335,1353,213026
5,[32,4,16,16,16]
0.042252395302057266,25337,1351,225297
5,[32,4,16,16,32]
0.04219435527920723,25337,1351,241505
5,[32,4,16,32,1]
0.25001198053359985,13344,13344,224938
5,[32,4,16,32,2]
0.04240468144416809,25337,1351,229892
5,[32,4,16,32,4]
0.04221826419234276,25335,1353,250050
5,[32,4,16,32,8]
0.04214530438184738,25335,1353,253711
5,[32,4,16,32,16]
0.0421954020857811,25335,1353,270662
5,[32,4,16,32,32]
0.04219186305999756,25337,1351,282444
5,[32,4,32,1,1]
0.2500028610229492,13344,13344,201608
5,[32,4,32,1,2]
0.042420875281095505,25337,1351,201500
5,[32,4,32,1,4]
0.042335666716098785,25335,1353,202668
5,[32,4,32,1,8]
0.04231444001197815,25335,1353,203422
5,[32,4,32,1,16]
0.2500079572200775,13344,13344,205008
5,[32,4,32,1,32]
0.04228202998638153,25335,1353,215416
5,[32,4,32,2,1]
0.2500070631504059,13344,13344,198822
5,[32,4,32,2,2]
0.04229357838630676,25337,1351,202517
5,[32,4,32,2,4]
0.25001028180122375,13344,13344,203007
5,[32,4,32,2,8]
0.0423310324549675,25335,1353,208234
5,[32,4,32,2,16]
0.2500147223472595,13344,13344,210301
5,[32,4,32,2,32]
0.04225417226552963,25333,1355,217786
5,[32,4,32,4,1]
0.042397208511829376,25337,1351,205741
5,[32,4,32,4,2]
0.25000572204589844,13344,13344,200839
5,[32,4,32,4,4]
0.04222795367240906,25335,1353,207142
5,[32,4,32,4,8]
0.04232883080840111,25013,1675,208892
5,[32,4,32,4,16]
0.04225405305624008,25337,1351,214137
5,[32,4,32,4,32]
0.042315226048231125,25335,1353,222505
5,[32,4,32,8,1]
0.25001534819602966,13344,13344,209854
5,[32,4,32,8,2]
0.04228806868195534,25335,1353,210427
5,[32,4,32,8,4]
0.04240059480071068,25337,1351,214549
5,[32,4,32,8,8]
0.04229753836989403,25337,1351,216999
5,[32,4,32,8,16]
0.0423121377825737,25337,1351,220851
5,[32,4,32,8,32]
0.042177338153123856,25335,1353,232399
5,[32,4,32,16,1]
0.04234826937317848,25337,1351,223231
5,[32,4,32,16,2]
0.04225859045982361,25337,1351,224425
5,[32,4,32,16,4]
0.042274199426174164,25337,1351,229726
5,[32,4,32,16,8]
0.04226513206958771,25337,1351,231930
5,[32,4,32,16,16]
0.042165886610746384,25335,1353,240154
5,[32,4,32,16,32]
0.04218871146440506,25335,1353,255337
5,[32,4,32,32,1]
0.24999865889549255,13344,13344,240629
5,[32,4,32,32,2]
0.04238218441605568,25333,1355,249454
5,[32,4,32,32,4]
0.04227086529135704,25335,1353,253703
5,[32,4,32,32,8]
0.04221176728606224,25335,1353,258754
5,[32,4,32,32,16]
0.04218840226531029,25337,1351,271602
5,[32,4,32,32,32]
0.04217047989368439,25335,1353,295034
5,[32,8,1,1,1]
0.04231681302189827,25335,1353,192646
5,[32,8,1,1,2]
0.25001832842826843,13344,13344,191135
5,[32,8,1,1,4]
0.2500087320804596,13344,13344,190257
5,[32,8,1,1,8]
0.25001826882362366,13344,13344,194951
5,[32,8,1,1,16]
0.25000685453414917,13344,13344,194912
5,[32,8,1,1,32]
0.042491015046834946,25337,1351,213053
5,[32,8,1,2,1]
0.042344871908426285,25337,1351,199452
5,[32,8,1,2,2]
0.25000905990600586,13344,13344,199988
5,[32,8,1,2,4]
0.2500153183937073,13344,13344,199157
5,[32,8,1,2,8]
0.04239453747868538,25337,1351,203428
5,[32,8,1,2,16]
0.2500179409980774,13344,13344,203523
5,[32,8,1,2,32]
0.0423574261367321,25335,1353,215210
5,[32,8,1,4,1]
0.25000911951065063,13344,13344,197699
5,[32,8,1,4,2]
0.04237803444266319,25335,1353,202464
5,[32,8,1,4,4]
0.042369067668914795,25337,1351,203014
5,[32,8,1,4,8]
0.04232081398367882,25337,1351,205943
5,[32,8,1,4,16]
0.042299799621105194,25335,1353,209495
5,[32,8,1,4,32]
0.2500138580799103,13344,13344,212318
5,[32,8,1,8,1]
0.04234515503048897,25337,1351,203133
5,[32,8,1,8,2]
0.2500026226043701,13344,13344,199408
5,[32,8,1,8,4]
0.2500115931034088,13344,13344,202001
5,[32,8,1,8,8]
0.04237467050552368,25337,1351,208775
5,[32,8,1,8,16]
0.04243192449212074,25337,1351,212673
5,[32,8,1,8,32]
0.042261213064193726,25335,1353,223853
5,[32,8,1,16,1]
0.04239868372678757,25335,1353,205679
5,[32,8,1,16,2]
0.042403388768434525,25337,1351,207205
5,[32,8,1,16,4]
0.04240323603153229,25337,1351,211772
5,[32,8,1,16,8]
0.04234777018427849,25335,1353,213294
5,[32,8,1,16,16]
0.042389340698719025,25335,1353,220946
5,[32,8,1,16,32]
0.04242486134171486,25334,1354,234937
5,[32,8,1,32,1]
0.25001633167266846,13344,13344,210480
5,[32,8,1,32,2]
0.25001582503318787,13344,13344,214551
5,[32,8,1,32,4]
0.04240166023373604,25337,1351,220600
5,[32,8,1,32,8]
0.042370185256004333,25335,1353,224551
5,[32,8,1,32,16]
0.042293135076761246,25334,1354,235297
5,[32,8,1,32,32]
0.04237179830670357,25337,1351,257635
5,[32,8,2,1,1]
0.04230264574289322,25335,1353,201359
5,[32,8,2,1,2]
0.042312994599342346,25337,1351,202127
5,[32,8,2,1,4]
0.2500070035457611,13344,13344,199109
5,[32,8,2,1,8]
0.04244273900985718,25335,1353,204049
5,[32,8,2,1,16]
0.2500077486038208,13344,13344,203800
5,[32,8,2,1,32]
0.250009149312973,13344,13344,210106
5,[32,8,2,2,1]
0.04245878383517265,25337,1351,202907
5,[32,8,2,2,2]
0.2500167787075043,13344,13344,202401
5,[32,8,2,2,4]
0.04236368462443352,25335,1353,203126
5,[32,8,2,2,8]
0.04236521199345589,25337,1351,205296
5,[32,8,2,2,16]
0.042426954954862595,25337,1351,208681
5,[32,8,2,2,32]
0.04245554655790329,25335,1353,216831
5,[32,8,2,4,1]
0.2500019371509552,13344,13344,199845
5,[32,8,2,4,2]
0.2500178813934326,13344,13344,200418
5,[32,8,2,4,4]
0.04242471978068352,25334,1354,204610
5,[32,8,2,4,8]
0.04237135872244835,25337,1351,207962
5,[32,8,2,4,16]
0.04219354689121246,25337,1351,211013
5,[32,8,2,4,32]
0.04242167994379997,25335,1353,220093
5,[32,8,2,8,1]
0.04246010631322861,25337,1351,204127
5,[32,8,2,8,2]
0.04235870763659477,25335,1353,205664
5,[32,8,2,8,4]
0.2500104308128357,13344,13344,206296
5,[32,8,2,8,8]
0.0424150675535202,25337,1351,210432
5,[32,8,2,8,16]
0.042174939066171646,25337,1351,215424
5,[32,8,2,8,32]
0.04235498607158661,25337,1351,225531
5,[32,8,2,16,1]
0.2500118911266327,13344,13344,208787
5,[32,8,2,16,2]
0.04241948574781418,25337,1351,211044
5,[32,8,2,16,4]
0.04241635277867317,25335,1353,211660
5,[32,8,2,16,8]
0.04224064573645592,25334,1354,216050
5,[32,8,2,16,16]
0.04228140786290169,25337,1351,223957
5,[32,8,2,16,32]
0.04238469526171684,25337,1351,238697
5,[32,8,2,32,1]
0.25001412630081177,13344,13344,216509
5,[32,8,2,32,2]
0.042351484298706055,25335,1353,218908
5,[32,8,2,32,4]
0.04246242716908455,25334,1354,222630
5,[32,8,2,32,8]
0.04228030890226364,25335,1353,227598
5,[32,8,2,32,16]
0.042274028062820435,25335,1353,238734
5,[32,8,2,32,32]
0.04220122843980789,25335,1353,262550
5,[32,8,4,1,1]
0.25001442432403564,13344,13344,201386
5,[32,8,4,1,2]
0.04233386367559433,25337,1351,204816
5,[32,8,4,1,4]
0.04234687611460686,25335,1353,205694
5,[32,8,4,1,8]
0.042348701506853104,25335,1353,206443
5,[32,8,4,1,16]
0.25001391768455505,13344,13344,206443
5,[32,8,4,1,32]
0.04248328506946564,25335,1353,218456
5,[32,8,4,2,1]
0.25001582503318787,13344,13344,200705
5,[32,8,4,2,2]
0.042373593896627426,25337,1351,205276
5,[32,8,4,2,4]
0.042338721454143524,25337,1351,205818
5,[32,8,4,2,8]
0.04223418980836868,25335,1353,208034
5,[32,8,4,2,16]
0.04236020892858505,25337,1351,212303
5,[32,8,4,2,32]
0.04228223115205765,25337,1351,219936
5,[32,8,4,4,1]
0.25001057982444763,13344,13344,202522
5,[32,8,4,4,2]
0.2500167787075043,13344,13344,202468
5,[32,8,4,4,4]
0.042297765612602234,25337,1351,208613
5,[32,8,4,4,8]
0.04216904565691948,25335,1353,209421
5,[32,8,4,4,16]
0.04228378087282181,25335,1353,213310
5,[32,8,4,4,32]
0.04225354641675949,25337,1351,223225
5,[32,8,4,8,1]
0.04229790344834328,25335,1353,207315
5,[32,8,4,8,2]
0.04217514768242836,25337,1351,208509
5,[32,8,4,8,4]
0.04233158007264137,25337,1351,211626
5,[32,8,4,8,8]
0.04222763702273369,25335,1353,213277
5,[32,8,4,8,16]
0.04227467253804207,25337,1351,219464
5,[32,8,4,8,32]
0.04221251234412193,25335,1353,229377
5,[32,8,4,16,1]
0.042322345077991486,25335,1353,211935
5,[32,8,4,16,2]
0.24999989569187164,13344,13344,210025
5,[32,8,4,16,4]
0.04219280183315277,25335,1353,216115
5,[32,8,4,16,8]
0.04230719059705734,25337,1351,220820
5,[32,8,4,16,16]
0.042180728167295456,25335,1353,227790
5,[32,8,4,16,32]
0.042242590337991714,25335,1353,243452
5,[32,8,4,32,1]
0.2500167191028595,13344,13344,220965
5,[32,8,4,32,2]
0.042308151721954346,25335,1353,224232
5,[32,8,4,32,4]
0.04236122965812683,25337,1351,226737
5,[32,8,4,32,8]
0.04220271110534668,25337,1351,232010
5,[32,8,4,32,16]
0.04222824051976204,25337,1351,243210
5,[32,8,4,32,32]
0.04220971837639809,25335,1353,267325
5,[32,8,8,1,1]
0.2500086724758148,13344,13344,204107
5,[32,8,8,1,2]
0.250016987323761,13344,13344,204406
5,[32,8,8,1,4]
0.04238920658826828,25337,1351,208729
5,[32,8,8,1,8]
0.04237223416566849,25335,1353,209652
5,[32,8,8,1,16]
0.2500128746032715,13344,13344,211915
5,[32,8,8,1,32]
0.04236558452248573,25337,1351,220537
5,[32,8,8,2,1]
0.25001227855682373,13344,13344,204340
5,[32,8,8,2,2]
0.04235656186938286,25335,1353,208137
5,[32,8,8,2,4]
0.2500156760215759,13344,13344,205021
5,[32,8,8,2,8]
0.042418673634529114,25337,1351,209885
5,[32,8,8,2,16]
0.04237498715519905,25337,1351,215304
5,[32,8,8,2,32]
0.04238142445683479,25337,1351,223077
5,[32,8,8,4,1]
0.25001105666160583,13344,13344,205970
5,[32,8,8,4,2]
0.042364802211523056,25337,1351,209703
5,[32,8,8,4,4]
0.2500159442424774,13344,13344,209610
5,[32,8,8,4,8]
0.04222984239459038,25335,1353,214336
5,[32,8,8,4,16]
0.04225189983844757,25335,1353,218339
5,[32,8,8,4,32]
0.04217764362692833,25335,1353,231974
5,[32,8,8,8,1]
0.042301833629608154,25335,1353,217654
5,[32,8,8,8,2]
0.250009149312973,13344,13344,216638
5,[32,8,8,8,4]
0.04225372150540352,25337,1351,219922
5,[32,8,8,8,8]
0.04223304241895676,25337,1351,222825
5,[32,8,8,8,16]
0.042234357446432114,25335,1353,227359
5,[32,8,8,8,32]
0.04227890446782112,25337,1351,238652
5,[32,8,8,16,1]
0.2500118911266327,13344,13344,218899
5,[32,8,8,16,2]
0.042320616543293,25337,1351,228224
5,[32,8,8,16,4]
0.042285364121198654,25337,1351,227234
5,[32,8,8,16,8]
0.042162228375673294,25335,1353,230344
5,[32,8,8,16,16]
0.04227614030241966,25337,1351,238502
5,[32,8,8,16,32]
0.042187366634607315,25335,1353,253402
5,[32,8,8,32,1]
0.2500109374523163,13344,13344,232473
5,[32,8,8,32,2]
0.04230223223567009,25335,1353,235591
5,[32,8,8,32,4]
0.04226725548505783,25335,1353,239069
5,[32,8,8,32,8]
0.042301151901483536,25337,1351,245315
5,[32,8,8,32,16]
0.042233362793922424,25335,1353,255270
5,[32,8,8,32,32]
0.04219917580485344,25337,1351,279149
5,[32,8,16,1,1]
0.04236142709851265,25335,1353,218656
5,[32,8,16,1,2]
0.25001436471939087,13344,13344,218243
5,[32,8,16,1,4]
0.04227157682180405,25335,1353,218836
5,[32,8,16,1,8]
0.25001224875450134,13344,13344,215390
5,[32,8,16,1,16]
0.04234195873141289,25335,1353,223600
5,[32,8,16,1,32]
0.25000685453414917,13344,13344,225816
5,[32,8,16,2,1]
0.2500121593475342,13344,13344,214213
5,[32,8,16,2,2]
0.042479101568460464,25337,1351,220726
5,[32,8,16,2,4]
0.042299412190914154,25335,1353,220361
5,[32,8,16,2,8]
0.04224070534110069,25335,1353,221221
5,[32,8,16,2,16]
0.042319316416978836,25335,1353,225575
5,[32,8,16,2,32]
0.04224437475204468,25337,1351,234176
5,[32,8,16,4,1]
0.04235856607556343,25337,1351,221320
5,[32,8,16,4,2]
0.04234403744339943,25337,1351,222648
5,[32,8,16,4,4]
0.042280279099941254,25337,1351,222682
5,[32,8,16,4,8]
0.04220162332057953,25335,1353,225375
5,[32,8,16,4,16]
0.042239587754011154,25337,1351,231233
5,[32,8,16,4,32]
0.042190223932266235,25335,1353,241592
5,[32,8,16,8,1]
0.25001204013824463,13344,13344,222312
5,[32,8,16,8,2]
0.042181070894002914,25335,1353,227871
5,[32,8,16,8,4]
0.042240336537361145,25335,1353,228610
5,[32,8,16,8,8]
0.0421687550842762,25335,1353,231626
5,[32,8,16,8,16]
0.04230727627873421,25337,1351,239554
5,[32,8,16,8,32]
0.04222814366221428,25337,1351,251414
5,[32,8,16,16,1]
0.04232919588685036,25337,1351,235560
5,[32,8,16,16,2]
0.04233299568295479,25335,1353,236644
5,[32,8,16,16,4]
0.04233505576848984,25337,1351,239964
5,[32,8,16,16,8]
0.042169831693172455,25337,1351,244602
5,[32,8,16,16,16]
0.0422682911157608,25337,1351,251414
5,[32,8,16,16,32]
0.04218408837914467,25335,1353,267577
5,[32,8,16,32,1]
0.04233653098344803,25334,1354,252349
5,[32,8,16,32,2]
0.04215208441019058,25337,1351,253605
5,[32,8,16,32,4]
0.042257606983184814,25335,1353,257809
5,[32,8,16,32,8]
0.04224233329296112,25335,1353,263593
5,[32,8,16,32,16]
0.04218883439898491,25335,1353,273960
5,[32,8,16,32,32]
0.042160335928201675,25335,1353,298171
5,[32,8,32,1,1]
0.2500143349170685,13344,13344,228825
5,[32,8,32,1,2]
0.042346954345703125,25335,1353,233443
5,[32,8,32,1,4]
0.04235028102993965,25335,1353,234498
5,[32,8,32,1,8]
0.04230610281229019,25335,1353,234902
5,[32,8,32,1,16]
0.25001704692840576,13344,13344,232758
5,[32,8,32,1,32]
0.04242907091975212,25335,1353,247359
5,[32,8,32,2,1]
0.2500150501728058,13344,13344,233303
5,[32,8,32,2,2]
0.250016987323761,13344,13344,230690
5,[32,8,32,2,4]
0.042177714407444,25335,1353,236098
5,[32,8,32,2,8]
0.042172592133283615,25335,1353,238351
5,[32,8,32,2,16]
0.042341768741607666,25337,1351,241142
5,[32,8,32,2,32]
0.04233932867646217,25337,1351,251565
5,[32,8,32,4,1]
0.25001296401023865,13344,13344,232994
5,[32,8,32,4,2]
0.042221926152706146,25337,1351,239821
5,[32,8,32,4,4]
0.04223054274916649,25337,1351,241647
5,[32,8,32,4,8]
0.04226084053516388,25337,1351,244634
5,[32,8,32,4,16]
0.04217905551195145,25335,1353,248442
5,[32,8,32,4,32]
0.04215599596500397,25335,1353,258758
5,[32,8,32,8,1]
0.042285848408937454,25335,1353,246006
5,[32,8,32,8,2]
0.2500176429748535,13344,13344,244059
5,[32,8,32,8,4]
0.042210228741168976,25335,1353,248145
5,[32,8,32,8,8]
0.04218503087759018,25335,1353,251351
5,[32,8,32,8,16]
0.042158134281635284,25335,1353,256191
5,[32,8,32,8,32]
0.042199403047561646,25337,1351,268657
5,[32,8,32,16,1]
0.25000739097595215,13344,13344,250055
5,[32,8,32,16,2]
0.2500055134296417,13344,13344,257149
5,[32,8,32,16,4]
0.04236644133925438,25337,1351,262029
5,[32,8,32,16,8]
0.04223177582025528,25337,1351,264549
5,[32,8,32,16,16]
0.04220001772046089,25337,1351,269236
5,[32,8,32,16,32]
0.042210668325424194,25335,1353,284790
5,[32,8,32,32,1]
0.042335644364356995,25335,1353,274062
5,[32,8,32,32,2]
0.04217550531029701,25335,1353,271139
5,[32,8,32,32,4]
0.042370665818452835,25335,1353,271656
5,[32,8,32,32,8]
0.042178940027952194,25337,1351,261719
5,[32,8,32,32,16]
0.04214420169591904,25335,1353,270721
5,[32,8,32,32,32]
0.042158450931310654,25335,1353,290939
5,[32,16,1,1,1]
0.24999883770942688,13344,13344,186880
5,[32,16,1,1,2]
0.04234182462096214,25335,1353,192264
5,[32,16,1,1,4]
0.042410578578710556,25337,1351,192351
5,[32,16,1,1,8]
0.2500128746032715,13344,13344,188313
5,[32,16,1,1,16]
0.2500164806842804,13344,13344,191801
5,[32,16,1,1,32]
0.2500125765800476,13344,13344,198839
5,[32,16,1,2,1]
0.0423603281378746,25333,1355,191240
5,[32,16,1,2,2]
0.25001776218414307,13344,13344,193543
5,[32,16,1,2,4]
0.04236753284931183,25337,1351,193031
5,[32,16,1,2,8]
0.042363934218883514,25337,1351,194787
5,[32,16,1,2,16]
0.042328670620918274,25337,1351,198954
5,[32,16,1,2,32]
0.2500123679637909,13344,13344,201491
5,[32,16,1,4,1]
0.04236380755901337,25335,1353,192237
5,[32,16,1,4,2]
0.25000476837158203,13344,13344,194282
5,[32,16,1,4,4]
0.042386215180158615,25335,1353,201856
5,[32,16,1,4,8]
0.2500135898590088,13344,13344,211812
5,[32,16,1,4,16]
0.25002187490463257,13344,13344,217758
5,[32,16,1,4,32]
0.25001096725463867,13344,13344,214258
5,[32,16,1,8,1]
0.2500096559524536,13344,13344,195577
5,[32,16,1,8,2]
0.2500160336494446,13344,13344,198853
5,[32,16,1,8,4]
0.04238484799861908,25335,1353,199007
5,[32,16,1,8,8]
0.04246767982840538,25337,1351,200012
5,[32,16,1,8,16]
0.04225090518593788,25335,1353,205246
5,[32,16,1,8,32]
0.042329318821430206,25335,1353,215782
5,[32,16,1,16,1]
0.25001275539398193,13344,13344,195653
5,[32,16,1,16,2]
0.04241815581917763,25335,1353,199536
5,[32,16,1,16,4]
0.042436085641384125,25335,1353,201391
5,[32,16,1,16,8]
0.04242362082004547,25337,1351,204400
5,[32,16,1,16,16]
0.25001993775367737,13344,13344,206652
5,[32,16,1,16,32]
0.25001001358032227,13344,13344,219892
5,[32,16,1,32,1]
0.2500075697898865,13344,13344,199373
5,[32,16,1,32,2]
0.25001198053359985,13344,13344,200877
5,[32,16,1,32,4]
0.2499937266111374,13344,13344,209383
5,[32,16,1,32,8]
0.04245920479297638,25335,1353,216158
5,[32,16,1,32,16]
0.04247456416487694,25332,1356,228105
5,[32,16,1,32,32]
0.042453501373529434,25335,1353,251676
5,[32,16,2,1,1]
0.2500174939632416,13344,13344,189985
5,[32,16,2,1,2]
0.2500167489051819,13344,13344,189784
5,[32,16,2,1,4]
0.25001296401023865,13344,13344,190294
5,[32,16,2,1,8]
0.25001031160354614,13344,13344,191383
5,[32,16,2,1,16]
0.042394205927848816,25337,1351,200181
5,[32,16,2,1,32]
0.04234788194298744,25337,1351,208406
5,[32,16,2,2,1]
0.2500120997428894,13344,13344,192786
5,[32,16,2,2,2]
0.042345404624938965,25337,1351,218499
5,[32,16,2,2,4]
0.2500172257423401,13344,13344,206801
5,[32,16,2,2,8]
0.25001317262649536,13344,13344,200690
5,[32,16,2,2,16]
0.2500210106372833,13344,13344,200788
5,[32,16,2,2,32]
0.04231474548578262,25337,1351,214565
5,[32,16,2,4,1]
0.042322080582380295,25337,1351,189431
5,[32,16,2,4,2]
0.042388468980789185,25333,1355,190584
5,[32,16,2,4,4]
0.0424206480383873,25335,1353,192595
5,[32,16,2,4,8]
0.04241430014371872,25337,1351,194871
5,[32,16,2,4,16]
0.25001171231269836,13344,13344,199517
5,[32,16,2,4,32]
0.04230774939060211,25335,1353,207103
5,[32,16,2,8,1]
0.25001415610313416,13344,13344,187235
5,[32,16,2,8,2]
0.0423823781311512,25335,1353,193028
5,[32,16,2,8,4]
0.04238060489296913,25337,1351,196422
5,[32,16,2,8,8]
0.04226391017436981,25335,1353,200987
5,[32,16,2,8,16]
0.04233165457844734,25337,1351,203762
5,[32,16,2,8,32]
0.04237658157944679,25335,1353,214323
5,[32,16,2,16,1]
0.24999919533729553,13344,13344,201189
5,[32,16,2,16,2]
0.04238928109407425,25335,1353,207148
5,[32,16,2,16,4]
0.2500123679637909,13344,13344,222458
5,[32,16,2,16,8]
0.04240941256284714,25335,1353,205850
5,[32,16,2,16,16]
0.042293693870306015,25335,1353,213362
5,[32,16,2,16,32]
0.042194221168756485,25335,1353,244400
5,[32,16,2,32,1]
0.042274076491594315,25337,1351,210515
5,[32,16,2,32,2]
0.2500093877315521,13344,13344,207466
5,[32,16,2,32,4]
0.0422850139439106,25335,1353,211668
5,[32,16,2,32,8]
0.04221881553530693,25335,1353,224213
5,[32,16,2,32,16]
0.04223437234759331,25333,1355,231935
5,[32,16,2,32,32]
0.04232696071267128,25337,1351,255703
5,[32,16,4,1,1]
0.04232556372880936,25337,1351,194895
5,[32,16,4,1,2]
0.042348168790340424,25337,1351,198467
5,[32,16,4,1,4]
0.25001275539398193,13344,13344,192715
5,[32,16,4,1,8]
0.04239068180322647,25337,1351,199798
5,[32,16,4,1,16]
0.042378418147563934,25337,1351,203506
5,[32,16,4,1,32]
0.04228238761425018,25335,1353,211413
5,[32,16,4,2,1]
0.2500150501728058,13344,13344,195446
5,[32,16,4,2,2]
0.25001251697540283,13344,13344,194072
5,[32,16,4,2,4]
0.2500132918357849,13344,13344,207729
5,[32,16,4,2,8]
0.04228133335709572,25337,1351,217569
5,[32,16,4,2,16]
0.04229731857776642,25335,1353,200640
5,[32,16,4,2,32]
0.04225638508796692,25337,1351,208433
5,[32,16,4,4,1]
0.0423157773911953,25335,1353,193847
5,[32,16,4,4,2]
0.042310792952775955,25337,1351,194313
5,[32,16,4,4,4]
0.04229959473013878,25337,1351,195422
5,[32,16,4,4,8]
0.04217240586876869,25011,1677,197169
5,[32,16,4,4,16]
0.04229092597961426,25337,1351,203528
5,[32,16,4,4,32]
0.04230165481567383,25335,1353,210814
5,[32,16,4,8,1]
0.04233101010322571,25337,1351,196105
5,[32,16,4,8,2]
0.0422789603471756,25337,1351,202831
5,[32,16,4,8,4]
0.2500154674053192,13344,13344,196386
5,[32,16,4,8,8]
0.04234640300273895,25335,1353,202558
5,[32,16,4,8,16]
0.042278043925762177,25335,1353,208038
5,[32,16,4,8,32]
0.042182888835668564,25335,1353,217750
5,[32,16,4,16,1]
0.04247317463159561,25337,1351,200401
5,[32,16,4,16,2]
0.04235554859042168,25337,1351,202147
5,[32,16,4,16,4]
0.04214018955826759,25335,1353,204655
5,[32,16,4,16,8]
0.042173974215984344,25337,1351,206928
5,[32,16,4,16,16]
0.04220978170633316,25335,1353,214004
5,[32,16,4,16,32]
0.0422016941010952,25334,1354,232742
5,[32,16,4,32,1]
0.25001060962677,13344,13344,207796
5,[32,16,4,32,2]
0.04232048615813255,25337,1351,218021
5,[32,16,4,32,4]
0.04235797002911568,25335,1353,220222
5,[32,16,4,32,8]
0.042358119040727615,25337,1351,226160
5,[32,16,4,32,16]
0.04221002385020256,25335,1353,237107
5,[32,16,4,32,32]
0.04226243495941162,25337,1351,261214
5,[32,16,8,1,1]
0.042400702834129333,25335,1353,203100
5,[32,16,8,1,2]
0.25000250339508057,13344,13344,198008
5,[32,16,8,1,4]
0.042371414601802826,25337,1351,203780
5,[32,16,8,1,8]
0.2500143349170685,13344,13344,199641
5,[32,16,8,1,16]
0.042419176548719406,25335,1353,209112
5,[32,16,8,1,32]
0.25001463294029236,13344,13344,209045
5,[32,16,8,2,1]
0.04226178675889969,25337,1351,202914
5,[32,16,8,2,2]
0.04226456582546234,25334,1354,203326
5,[32,16,8,2,4]
0.04219275340437889,25337,1351,205712
5,[32,16,8,2,8]
0.04238002747297287,25335,1353,206062
5,[32,16,8,2,16]
0.04219454526901245,25335,1353,212138
5,[32,16,8,2,32]
0.04225746914744377,25335,1353,218169
5,[32,16,8,4,1]
0.04232851788401604,25335,1353,204564
5,[32,16,8,4,2]
0.04235328733921051,25337,1351,205183
5,[32,16,8,4,4]
0.042274512350559235,25337,1351,205721
5,[32,16,8,4,8]
0.04229329153895378,25337,1351,208585
5,[32,16,8,4,16]
0.04229721426963806,25335,1353,213642
5,[32,16,8,4,32]
0.250013142824173,13344,13344,213831
5,[32,16,8,8,1]
0.042377278208732605,25337,1351,207007
5,[32,16,8,8,2]
0.042307157069444656,25335,1353,208129
5,[32,16,8,8,4]
0.04227356240153313,25337,1351,210532
5,[32,16,8,8,8]
0.042286355048418045,25335,1353,212651
5,[32,16,8,8,16]
0.042225807905197144,25337,1351,218560
5,[32,16,8,8,32]
0.042156945914030075,25337,1351,229355
5,[32,16,8,16,1]
0.04234335571527481,25335,1353,212262
5,[32,16,8,16,2]
0.042167313396930695,25333,1355,214881
5,[32,16,8,16,4]
0.04227575287222862,25337,1351,216435
5,[32,16,8,16,8]
0.042256154119968414,25335,1353,220237
5,[32,16,8,16,16]
0.04218659549951553,25335,1353,227575
5,[32,16,8,16,32]
0.04216513782739639,25337,1351,242939
5,[32,16,8,32,1]
0.25001806020736694,13344,13344,219034
5,[32,16,8,32,2]
0.04226201772689819,25335,1353,226645
5,[32,16,8,32,4]
0.0423189140856266,25333,1355,229302
5,[32,16,8,32,8]
0.042174939066171646,25335,1353,234114
5,[32,16,8,32,16]
0.04214366525411606,25335,1353,246470
5,[32,16,8,32,32]
0.04217883571982384,25335,1353,269370
5,[32,16,16,1,1]
0.04228323698043823,25335,1353,210758
5,[32,16,16,1,2]
0.042329851537942886,25337,1351,211597
5,[32,16,16,1,4]
0.04240456596016884,25337,1351,212021
5,[32,16,16,1,8]
0.0422942116856575,25332,1356,213717
5,[32,16,16,1,16]
0.042368531227111816,25337,1351,214860
5,[32,16,16,1,32]
0.04236334562301636,25337,1351,224688
5,[32,16,16,2,1]
0.2500039041042328,13344,13344,212239
5,[32,16,16,2,2]
0.04232451319694519,25335,1353,214183
5,[32,16,16,2,4]
0.04218260198831558,25335,1353,214335
5,[32,16,16,2,8]
0.04217905178666115,25335,1353,216321
5,[32,16,16,2,16]
0.04235752671957016,25335,1353,220937
5,[32,16,16,2,32]
0.04234844446182251,25335,1353,228441
5,[32,16,16,4,1]
0.04236847162246704,25337,1351,215993
5,[32,16,16,4,2]
0.04216195270419121,25335,1353,216468
5,[32,16,16,4,4]
0.042169179767370224,25335,1353,216904
5,[32,16,16,4,8]
0.04231743514537811,25332,1356,219192
5,[32,16,16,4,16]
0.25001636147499084,13344,13344,216005
5,[32,16,16,4,32]
0.042188048362731934,25335,1353,232970
5,[32,16,16,8,1]
0.042270224541425705,25335,1353,218988
5,[32,16,16,8,2]
0.042338620871305466,25335,1353,220411
5,[32,16,16,8,4]
0.042205438017845154,25333,1355,224279
5,[32,16,16,8,8]
0.042249444872140884,25337,1351,225113
5,[32,16,16,8,16]
0.04220129922032356,25335,1353,228249
5,[32,16,16,8,32]
0.04215419664978981,25335,1353,240697
5,[32,16,16,16,1]
0.25000879168510437,13344,13344,218977
5,[32,16,16,16,2]
0.25001394748687744,13344,13344,220502
5,[32,16,16,16,4]
0.0423528216779232,25335,1353,228519
5,[32,16,16,16,8]
0.04221614822745323,25335,1353,233030
5,[32,16,16,16,16]
0.04219847172498703,25335,1353,238852
5,[32,16,16,16,32]
0.042225196957588196,25335,1353,254659
5,[32,16,16,32,1]
0.2500137686729431,13344,13344,240342
5,[32,16,16,32,2]
0.042367976158857346,25334,1354,242876
5,[32,16,16,32,4]
0.04216635227203369,25335,1353,245599
5,[32,16,16,32,8]
0.04218445345759392,25335,1353,250341
5,[32,16,16,32,16]
0.0421716645359993,25335,1353,262360
5,[32,16,16,32,32]
0.0421750508248806,25335,1353,284768
5,[32,16,32,1,1]
0.04232700914144516,25335,1353,226510
5,[32,16,32,1,2]
0.04232148826122284,25335,1353,226707
5,[32,16,32,1,4]
0.042444050312042236,25335,1353,228433
5,[32,16,32,1,8]
0.04230155795812607,25337,1351,228284
5,[32,16,32,1,16]
0.04238727688789368,25335,1353,232898
5,[32,16,32,1,32]
0.2500007450580597,13344,13344,232911
5,[32,16,32,2,1]
0.042336322367191315,25335,1353,228602
5,[32,16,32,2,2]
0.2500116527080536,13344,13344,227626
5,[32,16,32,2,4]
0.04236987233161926,25335,1353,229383
5,[32,16,32,2,8]
0.0422099344432354,25335,1353,231780
5,[32,16,32,2,16]
0.04231451824307442,25335,1353,234400
5,[32,16,32,2,32]
0.2500052750110626,13344,13344,233923
5,[32,16,32,4,1]
0.042296960949897766,25335,1353,231901
5,[32,16,32,4,2]
0.04234258458018303,25335,1353,230972
5,[32,16,32,4,4]
0.04230743646621704,25335,1353,232250
5,[32,16,32,4,8]
0.042266685515642166,25337,1351,235124
5,[32,16,32,4,16]
0.04216478765010834,25334,1354,238992
5,[32,16,32,4,32]
0.04217347875237465,25335,1353,248339
5,[32,16,32,8,1]
0.04228851571679115,25335,1353,236450
5,[32,16,32,8,2]
0.04226037114858627,25335,1353,238014
5,[32,16,32,8,4]
0.04221156984567642,25335,1353,241033
5,[32,16,32,8,8]
0.04219011217355728,25335,1353,242163
5,[32,16,32,8,16]
0.04228316619992256,25335,1353,246565
5,[32,16,32,8,32]
0.04217444360256195,25335,1353,257746
5,[32,16,32,16,1]
0.042389776557683945,25335,1353,248129
5,[32,16,32,16,2]
0.04237911105155945,25335,1353,250450
5,[32,16,32,16,4]
0.04216235503554344,25335,1353,251705
5,[32,16,32,16,8]
0.042213503271341324,25335,1353,256526
5,[32,16,32,16,16]
0.042161546647548676,25335,1353,263852
5,[32,16,32,16,32]
0.04214955121278763,25335,1353,276685
5,[32,16,32,32,1]
0.04229431226849556,25337,1351,271971
5,[32,16,32,32,2]
0.042315252125263214,25335,1353,273735
5,[32,16,32,32,4]
0.04219243675470352,25335,1353,277043
5,[32,16,32,32,8]
0.04219789057970047,25335,1353,260758
5,[32,16,32,32,16]
0.04219340905547142,25335,1353,268909
5,[32,16,32,32,32]
0.04229281097650528,25337,1351,292205
5,[32,32,1,1,1]
0.2500038743019104,13344,13344,196745
5,[32,32,1,1,2]
0.2500153183937073,13344,13344,197000
5,[32,32,1,1,4]
0.2500147223472595,13344,13344,197112
5,[32,32,1,1,8]
0.25001171231269836,13344,13344,198904
5,[32,32,1,1,16]
0.04237738624215126,25335,1353,206566
5,[32,32,1,1,32]
0.2500123083591461,13344,13344,208003
5,[32,32,1,2,1]
0.25001099705696106,13344,13344,196841
5,[32,32,1,2,2]
0.25001606345176697,13344,13344,196632
5,[32,32,1,2,4]
0.2500130534172058,13344,13344,197736
5,[32,32,1,2,8]
0.2500099241733551,13344,13344,199656
5,[32,32,1,2,16]
0.25001659989356995,13344,13344,202361
5,[32,32,1,2,32]
0.25001564621925354,13344,13344,209469
5,[32,32,1,4,1]
0.25001731514930725,13344,13344,197788
5,[32,32,1,4,2]
0.2500135004520416,13344,13344,197934
5,[32,32,1,4,4]
0.04232180491089821,25337,1351,205220
5,[32,32,1,4,8]
0.04232419654726982,25335,1353,207422
5,[32,32,1,4,16]
0.042361922562122345,25335,1353,211074
5,[32,32,1,4,32]
0.2500147819519043,13344,13344,211345
5,[32,32,1,8,1]
0.25000712275505066,13344,13344,198820
5,[32,32,1,8,2]
0.25001633167266846,13344,13344,200101
5,[32,32,1,8,4]
0.042340029031038284,25337,1351,207635
5,[32,32,1,8,8]
0.25001874566078186,13344,13344,203578
5,[32,32,1,8,16]
0.2500082552433014,13344,13344,214049
5,[32,32,1,8,32]
0.0424698106944561,25335,1353,224423
5,[32,32,1,16,1]
0.25000929832458496,13344,13344,200884
5,[32,32,1,16,2]
0.2500045597553253,13344,13344,203697
5,[32,32,1,16,4]
0.25001099705696106,13344,13344,210399
5,[32,32,1,16,8]
0.04246062785387039,25333,1355,215834
5,[32,32,1,16,16]
0.04226936772465706,25335,1353,221484
5,[32,32,1,16,32]
0.2500225901603699,13344,13344,232630
5,[32,32,1,32,1]
0.2500121295452118,13344,13344,209227
5,[32,32,1,32,2]
0.04234059154987335,25337,1351,216804
5,[32,32,1,32,4]
0.25002148747444153,13344,13344,219294
5,[32,32,1,32,8]
0.25001394748687744,13344,13344,216439
5,[32,32,1,32,16]
0.04224755987524986,25332,1356,234720
5,[32,32,1,32,32]
0.2500121593475342,13344,13344,244786
5,[32,32,2,1,1]
0.2500038146972656,13344,13344,198795
5,[32,32,2,1,2]
0.04243486002087593,25337,1351,206267
5,[32,32,2,1,4]
0.2500157654285431,13344,13344,200243
5,[32,32,2,1,8]
0.2500101327896118,13344,13344,205968
5,[32,32,2,1,16]
0.042439982295036316,25333,1355,210551
5,[32,32,2,1,32]
0.2500144839286804,13344,13344,210927
5,[32,32,2,2,1]
0.0422486886382103,25337,1351,205998
5,[32,32,2,2,2]
0.2500176429748535,13344,13344,200272
5,[32,32,2,2,4]
0.2500137686729431,13344,13344,201812
5,[32,32,2,2,8]
0.04239479452371597,25335,1353,209127
5,[32,32,2,2,16]
0.2500198781490326,13344,13344,212451
5,[32,32,2,2,32]
0.042389918118715286,25337,1351,219897
5,[32,32,2,4,1]
0.2500157654285431,13344,13344,223396
5,[32,32,2,4,2]
0.04229051619768143,25337,1351,226167
5,[32,32,2,4,4]
0.04234468191862106,25337,1351,227454
5,[32,32,2,4,8]
0.04227021709084511,25335,1353,234010
5,[32,32,2,4,16]
0.2500148117542267,13344,13344,240546
5,[32,32,2,4,32]
0.042367592453956604,25335,1353,250168
5,[32,32,2,8,1]
0.250006765127182,13344,13344,235260
5,[32,32,2,8,2]
0.04239993542432785,25335,1353,235891
5,[32,32,2,8,4]
0.0423494391143322,25337,1351,237246
5,[32,32,2,8,8]
0.042198970913887024,25334,1354,239657
5,[32,32,2,8,16]
0.04222462698817253,25335,1353,244602
5,[32,32,2,8,32]
0.042292866855859756,25337,1351,255380
5,[32,32,2,16,1]
0.2500111758708954,13344,13344,236586
5,[32,32,2,16,2]
0.0422220379114151,25335,1353,241016
5,[32,32,2,16,4]
0.04228958114981651,25335,1353,242585
5,[32,32,2,16,8]
0.042488113045692444,25337,1351,244578
5,[32,32,2,16,16]
0.042257752269506454,25335,1353,251095
5,[32,32,2,16,32]
0.04216819629073143,25335,1353,266729
5,[32,32,2,32,1]
0.042307049036026,25337,1351,245071
5,[32,32,2,32,2]
0.04232903942465782,25335,1353,247270
5,[32,32,2,32,4]
0.2500135004520416,13344,13344,241677
5,[32,32,2,32,8]
0.042296890169382095,25337,1351,256216
5,[32,32,2,32,16]
0.04220094159245491,25335,1353,266842
5,[32,32,2,32,32]
0.04226803034543991,25335,1353,285251
5,[32,32,4,1,1]
0.2500135898590088,13344,13344,228457
5,[32,32,4,1,2]
0.2500070631504059,13344,13344,229217
5,[32,32,4,1,4]
0.042347315698862076,25332,1356,236369
5,[32,32,4,1,8]
0.04233412444591522,25335,1353,238215
5,[32,32,4,1,16]
0.042393121868371964,25337,1351,239644
5,[32,32,4,1,32]
0.04245515167713165,25337,1351,250957
5,[32,32,4,2,1]
0.04232406243681908,25337,1351,235265
5,[32,32,4,2,2]
0.042419809848070145,25337,1351,236190
5,[32,32,4,2,4]
0.04216830059885979,25335,1353,236795
5,[32,32,4,2,8]
0.04234921187162399,25335,1353,238415
5,[32,32,4,2,16]
0.04227809980511665,25335,1353,241369
5,[32,32,4,2,32]
0.042197152972221375,25335,1353,250356
5,[32,32,4,4,1]
0.04230298101902008,25335,1353,236686
5,[32,32,4,4,2]
0.04237181693315506,25335,1353,235635
5,[32,32,4,4,4]
0.25000956654548645,13344,13344,236514
5,[32,32,4,4,8]
0.25001588463783264,13344,13344,233548
5,[32,32,4,4,16]
0.042243119329214096,25335,1353,243702
5,[32,32,4,4,32]
0.04218786209821701,25335,1353,251960
5,[32,32,4,8,1]
0.25001344084739685,13344,13344,232062
5,[32,32,4,8,2]
0.042274463921785355,25337,1351,240814
5,[32,32,4,8,4]
0.04218718782067299,25335,1353,241115
5,[32,32,4,8,8]
0.0423489511013031,25335,1353,243725
5,[32,32,4,8,16]
0.042167630046606064,25333,1355,248885
5,[32,32,4,8,32]
0.04225306585431099,25337,1351,258855
5,[32,32,4,16,1]
0.04229021817445755,25337,1351,242405
5,[32,32,4,16,2]
0.2500206232070923,13344,13344,241365
5,[32,32,4,16,4]
0.04230102151632309,25335,1353,244632
5,[32,32,4,16,8]
0.042215779423713684,25333,1355,248728
5,[32,32,4,16,16]
0.04220977798104286,25337,1351,255073
5,[32,32,4,16,32]
0.04213343560695648,25335,1353,269433
5,[32,32,4,32,1]
0.04237737879157066,25335,1353,249676
5,[32,32,4,32,2]
0.042386025190353394,25335,1353,251565
5,[32,32,4,32,4]
0.04239748790860176,25337,1351,254474
5,[32,32,4,32,8]
0.04217168688774109,25337,1351,259602
5,[32,32,4,32,16]
0.042166247963905334,25335,1353,270691
5,[32,32,4,32,32]
0.04222654551267624,25335,1353,290773
5,[32,32,8,1,1]
0.042386334389448166,25337,1351,238862
5,[32,32,8,1,2]
0.2500119209289551,13344,13344,234153
5,[32,32,8,1,4]
0.042310211807489395,25335,1353,239935
5,[32,32,8,1,8]
0.2500110864639282,13344,13344,235834
5,[32,32,8,1,16]
0.04236910119652748,25335,1353,246043
5,[32,32,8,1,32]
0.042314477264881134,25337,1351,253364
5,[32,32,8,2,1]
0.04235246405005455,25335,1353,238371
5,[32,32,8,2,2]
0.04236448556184769,25335,1353,220402
5,[32,32,8,2,4]
0.2500096261501312,13344,13344,215265
5,[32,32,8,2,8]
0.04242635518312454,25335,1353,204673
5,[32,32,8,2,16]
0.042205970734357834,25337,1351,208327
5,[32,32,8,2,32]
0.042215730994939804,25333,1355,214828
5,[32,32,8,4,1]
0.04231301322579384,25337,1351,203996
5,[32,32,8,4,2]
0.042300526052713394,25335,1353,203858
5,[32,32,8,4,4]
0.042161259800195694,25335,1353,204517
5,[32,32,8,4,8]
0.042209576815366745,25333,1355,207855
5,[32,32,8,4,16]
0.04219930246472359,25335,1353,210643
5,[32,32,8,4,32]
0.042201220989227295,25335,1353,217153
5,[32,32,8,8,1]
0.042358994483947754,25337,1351,206650
5,[32,32,8,8,2]
0.042265914380550385,25337,1351,195179
5,[32,32,8,8,4]
0.04221588745713234,25337,1351,190973
5,[32,32,8,8,8]
0.04215264692902565,25335,1353,193238
5,[32,32,8,8,16]
0.042146120220422745,25335,1353,196468
5,[32,32,8,8,32]
0.04217708110809326,25335,1353,204324
5,[32,32,8,16,1]
0.25001442432403564,13344,13344,191212
5,[32,32,8,16,2]
0.04222600534558296,25337,1351,193584
5,[32,32,8,16,4]
0.042314913123846054,25337,1351,219473
5,[32,32,8,16,8]
0.04217880219221115,25337,1351,219200
5,[32,32,8,16,16]
0.04215816780924797,25333,1355,218368
5,[32,32,8,16,32]
0.04217257723212242,25335,1353,217798
5,[32,32,8,32,1]
0.04225270450115204,25335,1353,200049
5,[32,32,8,32,2]
0.04214167967438698,25335,1353,201876
5,[32,32,8,32,4]
0.0422881580889225,25335,1353,200154
5,[32,32,8,32,8]
0.04217809811234474,25335,1353,200259
5,[32,32,8,32,16]
0.042175911366939545,25335,1353,209278
5,[32,32,8,32,32]
0.04222054034471512,25337,1351,226748
5,[32,32,16,1,1]
0.25000905990600586,13344,13344,186406
5,[32,32,16,1,2]
0.042325809597969055,25335,1353,187983
5,[32,32,16,1,4]
0.042344868183135986,25335,1353,187703
5,[32,32,16,1,8]
0.25000327825546265,13344,13344,183195
5,[32,32,16,1,16]
0.04236834868788719,25335,1353,191099
5,[32,32,16,1,32]
0.042425718158483505,25333,1355,196144
5,[32,32,16,2,1]
0.25001582503318787,13344,13344,181674
5,[32,32,16,2,2]
0.2500137984752655,13344,13344,186119
5,[32,32,16,2,4]
0.0423763133585453,25335,1353,189368
5,[32,32,16,2,8]
0.04222827032208443,25337,1351,189868
5,[32,32,16,2,16]
0.04223214089870453,25335,1353,193377
5,[32,32,16,2,32]
0.2500118315219879,13344,13344,196814
5,[32,32,16,4,1]
0.04225839301943779,25335,1353,190414
5,[32,32,16,4,2]
0.04231175035238266,25335,1353,190190
5,[32,32,16,4,4]
0.042175717651844025,25335,1353,190446
5,[32,32,16,4,8]
0.04220164939761162,25337,1351,192635
5,[32,32,16,4,16]
0.042196981608867645,25335,1353,194755
5,[32,32,16,4,32]
0.042146503925323486,25333,1355,201141
5,[32,32,16,8,1]
0.25002026557922363,13344,13344,186328
5,[32,32,16,8,2]
0.04239410534501076,25335,1353,192604
5,[32,32,16,8,4]
0.04222801700234413,25337,1351,194115
5,[32,32,16,8,8]
0.04226011037826538,25337,1351,195668
5,[32,32,16,8,16]
0.04213028401136398,25335,1353,198738
5,[32,32,16,8,32]
0.04217557609081268,25335,1353,207174
5,[32,32,16,16,1]
0.25001150369644165,13344,13344,190797
5,[32,32,16,16,2]
0.04226696491241455,25335,1353,198403
5,[32,32,16,16,4]
0.04237860441207886,25335,1353,199784
5,[32,32,16,16,8]
0.04221237450838089,25335,1353,201357
5,[32,32,16,16,16]
0.0421527661383152,25335,1353,202048
5,[32,32,16,16,32]
0.04217156767845154,25335,1353,213328
5,[32,32,16,32,1]
0.2500165104866028,13344,13344,195223
5,[32,32,16,32,2]
0.04213283583521843,25335,1353,203354
5,[32,32,16,32,4]
0.04212179780006409,25335,1353,205453
5,[32,32,16,32,8]
0.0421525202691555,25333,1355,209916
5,[32,32,16,32,16]
0.0422096848487854,25337,1351,217362
5,[32,32,16,32,32]
0.042177435010671616,25335,1353,235832
5,[32,32,32,1,1]
0.25000718235969543,13344,13344,191452
5,[32,32,32,1,2]
0.2500082552433014,13344,13344,191637
5,[32,32,32,1,4]
0.04237295314669609,25332,1356,198735
5,[32,32,32,1,8]
0.04245600476861,25335,1353,200341
5,[32,32,32,1,16]
0.04238215088844299,25335,1353,206444
5,[32,32,32,1,32]
0.2500149607658386,13344,13344,210047
5,[32,32,32,2,1]
0.04236079007387161,25335,1353,202517
5,[32,32,32,2,2]
0.042232174426317215,25337,1351,203552
5,[32,32,32,2,4]
0.04223329573869705,25333,1355,205057
5,[32,32,32,2,8]
0.25001537799835205,13344,13344,203566
5,[32,32,32,2,16]
0.0423167385160923,25335,1353,209019
5,[32,32,32,2,32]
0.042393166571855545,25337,1351,213934
5,[32,32,32,4,1]
0.25001150369644165,13344,13344,198148
5,[32,32,32,4,2]
0.25001245737075806,13344,13344,198539
5,[32,32,32,4,4]
0.04229871928691864,25335,1353,205622
5,[32,32,32,4,8]
0.04223238304257393,25333,1355,207469
5,[32,32,32,4,16]
0.042168278247117996,25335,1353,211695
5,[32,32,32,4,32]
0.04222719371318817,25335,1353,217967
5,[32,32,32,8,1]
0.2500098645687103,13344,13344,202057
5,[32,32,32,8,2]
0.042332347482442856,25337,1351,209318
5,[32,32,32,8,4]
0.042306698858737946,25337,1351,211080
5,[32,32,32,8,8]
0.04218343272805214,25335,1353,213365
5,[32,32,32,8,16]
0.042149193584918976,25335,1353,216543
5,[32,32,32,8,32]
0.0421595461666584,25335,1353,224254
5,[32,32,32,16,1]
0.042294375598430634,25332,1356,217685
5,[32,32,32,16,2]
0.2500125467777252,13344,13344,219173
5,[32,32,32,16,4]
0.25001630187034607,13344,13344,211471
5,[32,32,32,16,8]
0.04216128587722778,25335,1353,222664
5,[32,32,32,16,16]
0.04215291887521744,25335,1353,228305
5,[32,32,32,16,32]
0.04213443025946617,25333,1355,238876
5,[32,32,32,32,1]
0.04227666184306145,25335,1353,234889
5,[32,32,32,32,2]
0.04230163246393204,25334,1354,236173
5,[32,32,32,32,4]
0.04224953427910805,25335,1353,236995
5,[32,32,32,32,8]
0.04226445406675339,25013,1675,242061
5,[32,32,32,32,16]
0.042192041873931885,25335,1353,251113
5,[32,32,32,32,32]
0.042154744267463684,25335,1353,265596
